10000
18.569687
75.007815
44.670635
40.328218
96.434413
77.900517
4.986874
54.035527
28.147003
51.409290
95.499612
97.590689
50.844280
30.180337
69.865132
79.156108
28.613634
66.320700
97.870499
67.519816
16.921836
4.168063
70.724297
68.035047
18.625983
89.786093
32.367378
7.676438
70.999269
68.518264
73.735622
89.568956
43.526078
18.406258
29.897174
39.960491
96.306775
34.884048
93.996018
24.453778
86.293338
89.495629
22.044467
37.137617
19.675966
91.909599
16.293725
48.289600
58.230299
14.164224
15.809416
75.152136
18.332287
86.533713
43.187182
36.958270
76.319806
75.554560
44.634708
47.319075
44.072824
18.370331
36.888031
87.598902
36.776588
66.785205
27.559394
33.083363
1.669254
21.555411
57.537141
87.962592
11.051040
79.581609
25.100209
30.727007
71.491207
41.393934
79.016607
29.721507
55.558158
94.826023
4.873642
73.890445
81.359736
48.060824
10.848715
57.679543
23.615385
55.483423
4.998618
67.688209
73.853754
41.886649
55.287111
10.630342
8.671854
82.846504
43.713705
10.341108
4.401916
1.250847
98.303699
15.452956
80.832455
23.403908
46.179963
52.323663
64.797842
25.196570
82.045169
20.356000
20.022593
86.918811
94.246445
1.382329
34.979635
5.095160
59.061872
58.595020
60.578583
64.060489
26.283229
34.432337
5.947138
81.570340
45.062679
14.618992
64.416844
88.776385
24.960100
68.818760
90.027231
23.263800
84.271716
70.859687
46.667708
30.451678
23.183349
11.465550
55.648248
5.228518
31.821550
75.670841
92.147330
26.067995
77.053170
27.126965
31.163155
36.115042
85.721985
91.741738
0.175531
12.005214
26.174075
6.122669
93.575553
71.236754
20.741661
57.992397
60.013139
45.701762
26.811157
50.040371
68.965561
11.082872
20.900057
15.633269
41.534551
44.083406
27.098819
97.182799
49.311925
58.920369
72.853640
41.459254
84.988364
49.906809
68.586219
16.151518
86.021851
54.308204
7.893256
86.197382
66.313418
34.067331
92.320051
59.888971
5.304085
13.061712
17.881368
65.317225
58.763474
44.692525
15.357595
27.729035
55.775397
36.257652
43.362305
97.309948
80.341059
70.461124
94.492747
29.652983
29.381493
67.346386
71.112238
14.369857
17.253196
39.698457
30.521375
3.275047
94.006661
38.414632
89.472429
60.320079
72.481963
81.792480
20.209050
77.786048
94.854192
38.090418
43.103273
53.617666
82.782943
58.460868
81.346701
38.558341
94.718520
24.709006
35.868289
75.059579
95.170130
30.361036
4.712562
24.551623
97.707422
75.824800
38.921480
14.960618
15.523256
69.442856
18.235665
9.529918
7.857487
7.708094
69.849997
80.339450
89.500574
90.059047
58.125498
84.354766
28.149465
1.228771
37.972432
10.932409
59.689639
19.319134
49.490749
54.408159
44.028140
85.359038
29.467738
39.198269
15.720074
34.180300
63.749893
13.427496
10.005100
2.671373
28.388114
25.528356
72.114228
46.623779
35.058274
79.971715
54.331873
4.908271
60.311165
43.832446
94.967317
18.436664
28.187212
23.116783
19.665435
66.159644
34.049191
79.355074
85.478778
83.539941
33.763233
29.506918
68.898979
63.230972
68.705187
84.619053
97.411272
32.455080
98.046549
7.416372
35.126452
26.434663
32.944729
7.240680
73.058442
68.003003
87.212395
27.390315
72.911273
47.523561
71.222761
67.878591
65.960224
99.409973
90.995373
85.625659
65.569618
25.044564
64.980733
51.048396
8.584505
98.743967
80.555313
77.483484
61.974938
49.260500
62.102537
59.386211
81.715580
60.149086
66.802583
16.842032
86.583749
99.747311
24.082712
59.642191
67.750314
11.295107
87.032505
40.661587
58.818668
58.255266
8.540178
24.778892
57.665239
99.535551
10.404552
23.234857
24.580115
75.385285
74.283253
33.164620
74.129252
54.838566
10.648104
36.104190
4.099066
72.750640
95.490401
85.814645
32.899726
62.292983
2.656677
19.483474
62.040295
26.739389
79.125665
29.790609
38.034496
66.158170
70.452196
96.853164
24.413436
78.992374
21.632057
82.078676
78.527925
32.036608
5.313533
3.108040
7.421893
79.596785
36.272660
81.551145
34.435351
46.920764
17.655334
38.534416
19.671404
13.145735
24.349062
52.571130
75.438718
27.005739
72.054604
37.479013
53.745128
51.180269
67.269622
91.779624
17.338438
37.721818
88.632788
41.751875
16.714192
10.264845
23.830550
95.242117
42.301453
29.144083
98.350157
49.723346
8.740868
34.622817
31.274491
43.176218
81.543581
48.929825
81.710635
1.214985
62.075560
6.059696
53.786115
37.514279
33.065435
25.840718
74.993292
86.810563
77.020987
42.262913
78.590187
94.359425
79.984731
67.222976
36.111300
96.698923
77.487821
59.941850
91.941039
19.789274
89.085933
90.291196
69.512620
97.826801
24.914013
0.787111
41.003019
6.457594
49.716937
22.713654
7.672579
11.792497
28.773350
61.458694
49.306776
61.838785
87.299412
24.300067
48.649348
64.320399
66.562980
27.239535
58.679825
46.547711
94.462511
94.791125
43.246634
71.950332
54.732975
35.187673
91.739605
43.818908
25.478870
61.252226
41.645708
50.392883
62.039337
82.648727
56.850477
11.756273
5.362381
64.523056
23.548770
34.135731
25.981750
72.855546
95.974516
13.281162
97.155613
44.623864
77.601561
63.718593
71.863400
36.281386
10.266305
66.325911
31.072511
53.512939
38.276242
85.805485
88.700612
30.015848
29.624393
14.179482
91.268073
71.270101
64.572364
53.307410
53.918829
21.422842
65.063683
59.281209
85.945898
88.612453
93.416940
11.927648
61.467999
89.391456
25.208811
58.623611
34.015320
2.810372
22.342205
5.878720
39.091758
32.608509
72.204631
70.164268
86.121448
10.480873
55.969754
74.822060
40.496720
85.594147
89.001541
31.764793
56.864248
53.573906
85.072203
10.783077
74.996747
50.135886
70.064286
60.942646
38.748339
63.481226
72.870294
0.216337
52.872682
98.079104
58.839949
86.888002
0.889476
81.182153
92.766722
39.981234
13.790662
64.971353
10.145503
99.912110
75.452225
66.115257
74.734170
15.948946
51.709403
63.735711
47.713739
8.573652
17.309617
32.785942
19.356729
92.306364
82.921828
89.421015
53.249010
21.670166
52.902241
26.119303
21.886503
5.774923
24.198408
80.726452
92.662925
25.087884
61.908605
85.429647
65.069118
75.699267
50.401000
75.214621
75.611377
25.853225
41.329877
50.345547
41.802171
93.039281
14.081258
89.515910
1.612933
31.390875
22.301852
20.969661
23.697239
5.223679
10.390676
76.946249
26.893846
63.292917
3.065552
48.780349
69.067839
27.263960
29.506801
61.730764
52.351844
91.415406
47.160411
17.420962
67.114674
97.561411
92.635583
42.726051
23.414636
33.965461
93.071598
65.216807
27.004742
7.152856
54.732716
28.617674
38.543731
77.034568
49.587336
62.240970
82.258248
59.978012
39.187219
9.152093
23.270928
42.252771
57.932443
92.338768
69.516731
87.439244
54.069532
21.868574
78.854650
1.229943
39.289537
45.969324
98.791354
31.925120
88.695375
22.205990
65.890580
81.766974
87.422797
92.895322
88.919830
42.155513
21.512996
27.463561
19.190081
71.100332
89.704531
1.448329
31.078343
28.891750
10.600422
54.349271
71.144521
68.532865
46.688039
40.661251
55.972109
0.757571
62.529826
34.826759
1.987514
1.819363
80.796083
0.778868
33.744482
69.491458
22.984858
99.635063
51.258432
10.407655
92.530385
40.178262
52.563168
14.043381
67.641823
71.753250
85.143713
57.346354
73.201578
16.222056
86.238104
83.802000
70.571327
57.382625
52.334865
17.259366
98.043876
8.306974
18.016937
60.573702
43.133733
20.004451
62.393065
23.929816
20.783319
96.137547
93.421274
43.768177
95.772610
44.679706
54.175832
88.302995
84.857967
6.739001
2.346376
52.499790
78.492250
87.490088
9.846144
51.693828
3.712144
96.084248
35.495829
74.283471
53.466873
87.830694
91.542836
51.510749
96.137668
9.559773
12.084451
39.271401
29.564224
74.477516
63.201217
50.347543
70.615063
56.622491
94.115720
66.387673
1.302196
48.291552
54.690667
86.160164
55.030553
57.037043
38.659953
33.522803
44.527131
48.506097
85.216631
48.239275
44.590345
20.712460
22.522745
98.057218
8.543154
14.065582
49.567967
4.680821
23.625355
61.652418
43.952222
53.189578
36.129934
7.153439
3.537121
6.744996
63.775929
97.652841
73.132669
65.078126
45.944393
27.823336
51.238289
0.974946
84.860379
89.898243
34.497748
29.387510
38.404340
19.714379
77.626785
82.994685
40.426839
0.149530
81.051903
48.969993
14.215111
30.619870
53.650814
37.840466
92.272288
97.603036
91.030044
28.402222
4.756475
94.567166
35.147218
68.532404
92.220007
8.279887
33.610530
38.164400
36.103223
84.848819
39.139345
20.963602
74.747062
73.637094
50.351112
13.151402
93.351473
27.977896
96.146087
33.778312
28.127426
77.197990
82.748305
42.342537
7.817860
36.399119
80.183003
0.090148
34.002155
71.213048
28.492370
38.758631
65.780213
63.639588
7.291035
58.000220
71.919475
40.901565
96.164620
8.022698
25.750384
35.303965
28.986300
0.497446
8.941059
79.337412
13.648848
2.292532
7.315309
9.794934
36.070844
35.442735
86.992925
18.819149
77.785272
94.810785
55.218268
57.968275
94.900933
89.220424
29.181323
23.393303
27.979054
94.961537
87.032891
35.270089
52.961756
58.952366
76.171654
49.126376
66.975064
1.922038
84.430341
95.961364
2.419484
93.371400
75.298776
16.068332
95.663933
82.614084
25.863266
31.734777
18.056819
12.856191
50.553926
95.842091
7.666976
5.772195
53.810366
2.567909
94.992618
82.991689
25.961212
22.971673
77.953226
12.994103
58.241762
30.914982
71.946469
34.413416
80.041358
38.921533
36.335454
64.471700
34.882896
38.754939
57.843100
10.181672
54.823271
53.507033
92.795756
80.686537
85.241810
10.852575
93.542728
35.795736
6.694666
1.209704
41.567931
60.505032
3.777613
36.560549
43.496721
29.738825
59.532222
21.449947
42.732928
17.773984
52.364929
14.679397
52.187400
32.406288
53.600930
88.522854
96.877987
88.483826
27.277793
54.721087
98.665498
82.101064
8.228120
91.461254
62.787601
93.469930
2.313829
56.330329
29.265666
9.008494
57.540032
70.833596
69.513526
61.317645
7.394145
13.010248
91.056470
66.926367
34.460195
33.789398
84.700351
86.825124
48.468795
36.887750
19.231412
2.069725
25.410604
16.109399
90.553551
52.688397
70.830487
89.219049
34.789461
79.058607
80.680303
97.577061
72.528536
82.994131
53.907390
1.794202
92.002626
11.447422
72.627798
61.516152
72.765067
80.021943
74.526400
63.821537
46.948310
8.986594
97.610935
31.648660
95.811718
46.079730
68.536411
15.043130
48.149455
93.947015
31.152529
38.703006
46.635412
1.983016
27.922055
81.424873
81.041622
8.602357
79.001934
53.570158
91.596488
32.909324
55.364360
83.599114
44.356746
27.992158
45.115266
17.121813
8.014101
19.641666
80.943350
54.962411
28.628261
78.554286
86.611072
24.439979
24.634016
55.147482
39.483109
72.783471
49.094497
70.635638
11.486477
95.729910
72.618654
39.408532
77.154782
53.660276
48.010889
56.156717
7.230434
39.607377
89.066041
62.594794
23.206492
33.422787
90.586952
68.321758
50.544600
98.601053
87.963424
31.487950
53.563465
16.591685
10.042236
40.174536
41.031664
34.676252
95.322018
80.514773
7.459723
44.416516
51.150411
18.946201
40.146425
23.769064
58.354732
17.301207
77.429340
6.365621
73.457924
84.659774
45.972998
62.523965
47.254568
69.179490
95.946752
37.841521
37.501248
46.491352
36.442574
25.464672
77.979302
90.006039
42.056357
88.021538
30.180575
83.088021
22.697791
25.502593
63.602794
30.157514
69.919109
14.753205
49.103715
10.065534
38.522270
7.458447
27.366741
15.951610
13.824068
0.824665
0.611384
59.797067
63.348630
47.865953
28.976556
59.295382
85.707473
66.477804
5.786733
22.150048
91.942477
83.766036
12.156086
33.998834
71.787574
42.336661
17.086855
94.485365
67.839254
80.689650
24.642878
37.758363
95.442855
73.746593
47.823896
33.965124
81.205040
75.190637
49.916734
95.029108
76.015302
50.528118
54.826175
39.363932
98.394071
83.802731
98.659314
84.101544
50.280536
4.446047
6.251592
42.223012
88.212083
18.407678
76.221846
59.999657
60.744339
93.308702
54.485022
28.583593
73.998351
79.127900
66.341956
69.441206
52.874493
14.165852
3.406330
34.079533
89.356489
53.323065
29.108641
65.371791
3.851183
83.934816
4.735724
2.245254
67.737547
3.395038
86.346798
18.018083
7.841085
92.598390
60.241095
96.053168
11.006068
36.462942
56.052826
71.750408
29.771644
10.537847
0.334001
3.769995
89.665747
66.675957
73.211201
42.540240
80.841809
76.617531
76.619773
70.198298
29.940595
5.728415
35.570090
33.791778
89.663231
40.305814
36.037033
57.400778
43.700851
22.383831
75.418861
51.541937
14.982221
35.659957
47.595105
25.988290
72.122898
3.647931
97.738697
1.894542
14.185778
98.072698
5.664537
3.851525
64.748655
78.875737
46.391765
45.590464
55.493268
23.011538
15.788763
85.433863
28.739953
51.358853
19.225642
18.403184
91.664666
55.262674
75.803962
35.365517
77.646505
51.222824
86.907454
92.628727
86.882780
34.502559
18.617016
59.005679
38.150489
16.355713
60.900221
52.336267
14.428412
66.564757
56.187792
79.177067
45.440494
2.579557
24.767531
0.933762
25.591095
40.556294
86.367626
54.331048
91.915147
5.593268
72.734233
83.579813
60.855942
48.538195
18.945330
38.502448
99.761019
5.852784
31.131174
86.643799
40.355343
49.748190
45.649477
78.505833
66.103904
6.549698
30.842100
80.532315
73.114455
87.029891
59.709382
18.554950
89.609448
84.476914
19.488712
15.200543
25.033208
5.856338
69.531592
16.948354
11.449606
42.265824
0.528167
72.305548
90.804019
19.473497
10.807996
90.565038
25.326281
41.939170
77.208837
65.681624
91.687360
22.858314
44.187457
57.791263
29.408012
75.029557
38.323579
2.522468
62.059448
98.032961
21.077417
51.668896
82.509875
40.566130
66.869439
7.543082
46.422468
36.401031
24.491437
57.872074
78.666855
25.019604
30.177622
69.470875
44.493101
40.985618
60.035913
69.819382
82.924787
37.244749
35.501007
74.612147
60.103063
79.688464
32.403410
89.511076
54.718020
70.726989
92.033543
16.777468
68.759950
13.110960
68.446364
51.269825
53.677090
35.315804
58.812907
0.099558
71.716835
83.304343
57.971632
50.383690
8.323947
88.149254
19.854565
52.817048
29.134871
79.890478
22.636431
12.059658
17.135227
58.137438
86.671806
77.238290
37.825901
19.075216
66.749366
92.543922
89.802205
58.782909
9.321390
58.562155
71.893869
77.767755
9.831980
25.570960
13.083558
68.644886
25.670517
84.800393
51.949230
83.642149
35.184084
60.273177
71.791403
55.038649
13.090225
0.926274
34.929127
35.726656
12.985932
52.064354
93.864093
99.657738
29.302644
31.689995
18.732954
96.052010
24.233917
8.535159
54.834919
33.555307
67.097314
26.728789
11.323062
76.929294
52.299748
24.406620
45.574180
77.970266
9.207013
97.523409
61.612415
44.391097
57.796586
33.403818
99.429746
70.886811
34.330091
34.358872
6.613467
47.316024
86.423226
0.477561
46.973762
15.725870
32.167555
65.706716
11.777880
56.401472
74.241875
66.612800
89.956779
41.339189
93.341588
1.279841
18.268482
45.641336
25.686461
63.842662
23.611602
34.893474
61.366071
85.224017
79.284571
19.162658
18.627834
78.714317
90.049469
52.957926
13.073189
96.662936
0.273949
99.496415
97.140497
47.247711
15.222286
29.308052
12.954427
27.000166
85.709525
87.196301
93.612966
75.666304
28.535490
86.954554
76.946144
46.803972
32.595890
2.632605
10.646634
56.207492
37.526079
72.012705
41.431508
16.810650
91.175363
60.059342
95.524966
81.224832
13.017268
8.598156
77.887768
13.291217
8.094571
75.028265
60.538929
23.316856
4.336318
73.493355
50.317022
90.045842
60.689657
43.929988
65.712146
89.225147
30.884542
42.658291
36.029119
63.480432
45.290896
46.675753
19.687923
82.816975
18.688458
61.119432
99.627624
9.863821
21.178774
95.152591
91.088654
34.196042
3.750746
68.976422
47.487260
11.845317
44.004687
8.026188
35.162174
48.341005
81.519544
85.479196
38.386847
42.209200
29.409184
4.098993
31.434347
60.293726
46.757284
67.463466
23.774157
92.048179
14.139219
43.462081
74.865154
32.827678
4.581512
74.492778
42.691499
25.760286
69.645369
33.780153
59.956328
73.396115
2.756575
7.443588
85.241432
46.761262
15.469776
20.403606
95.102267
96.989320
5.882802
33.489114
39.198520
35.291986
37.588107
70.632867
95.585712
84.345391
38.096333
19.359869
76.393570
52.235553
62.821950
51.258724
85.063230
67.403462
25.751502
27.754730
93.163749
95.396871
61.534882
53.120077
68.792986
64.291457
60.563665
54.034418
11.052719
76.033441
74.438024
6.154985
73.022761
80.320827
39.644099
12.221281
15.612813
77.232206
82.854148
11.198525
61.577596
20.950481
30.558395
37.971166
73.186034
93.380345
89.229890
58.249265
60.783807
14.981392
86.003994
53.947556
10.378262
47.538877
7.067633
79.171248
11.830334
67.631298
33.205666
22.883053
43.664739
7.643691
29.038038
16.687500
87.964517
68.682137
28.908781
3.577330
45.914343
11.762929
14.775855
7.491939
32.713410
45.334250
45.463105
5.899444
38.714595
34.692995
64.148709
99.498402
49.674387
50.152703
53.445957
60.052649
97.691580
60.513590
39.223897
9.521914
28.144888
72.429563
32.404967
71.809628
80.073254
61.443005
88.497128
68.037771
30.125142
17.405908
71.615101
76.039484
29.168837
86.390957
83.531423
61.882247
31.725207
28.994529
67.781692
70.439801
63.687524
31.930401
69.938203
13.361910
82.083104
23.384160
73.414559
79.774684
83.897750
12.638456
89.296598
12.042638
85.068019
21.701565
83.852266
65.141273
83.144569
72.349394
33.179044
13.269711
89.755302
4.794145
89.309195
18.924139
91.185102
72.840619
80.806387
22.910308
1.835147
48.588078
93.350110
65.522671
80.518479
63.288312
78.884581
62.601583
86.672472
52.299140
42.376268
70.570222
64.937596
31.672866
82.612861
50.005615
53.374430
66.465127
15.146887
36.519000
38.814520
48.325931
49.788710
28.569822
53.120076
39.097905
47.493961
44.305178
11.938524
28.300348
67.215486
13.773671
76.888426
60.565596
79.296342
57.406906
23.853908
58.180923
20.008489
10.526380
10.480064
62.384757
81.096602
75.417660
94.057623
63.709463
25.423274
47.432053
30.174590
40.570162
83.951053
68.989110
88.896093
33.739763
97.558933
42.016169
72.837668
45.052894
86.321346
84.776192
73.353242
53.536833
98.549863
50.241668
14.102428
77.846205
7.648574
37.956336
36.027129
27.657063
48.482716
46.507192
90.041819
29.579318
21.924852
84.099442
93.288782
47.348127
31.531495
23.463372
87.918288
15.482547
92.452482
76.814381
49.222310
90.011415
18.830550
22.059978
35.064309
5.151896
6.836170
8.417550
58.688729
5.386034
58.659219
72.791157
83.232239
66.307792
10.747493
19.259368
93.964855
59.230209
65.766560
84.006674
88.809528
87.691412
68.106116
82.098309
35.039539
99.637611
5.561681
22.957827
15.120158
98.014163
99.772208
64.342468
88.025577
18.602758
86.402446
23.089886
23.754654
93.238616
31.507436
82.443383
98.624650
90.166655
55.234540
81.856889
56.474447
65.982033
1.116256
50.439302
25.212242
66.882816
34.445976
14.021770
54.574228
2.552092
96.120079
89.613767
2.189703
1.681759
12.571594
17.309860
99.695922
12.343802
81.652328
87.721500
30.946560
68.054774
10.811386
54.701215
61.293390
42.318822
37.144598
59.918040
32.485477
92.379138
41.774929
88.959924
58.361171
42.891185
39.399226
83.573413
9.774001
73.845202
97.595182
64.348229
76.397294
93.715261
53.961996
78.586997
95.397021
66.533591
95.896857
95.092943
78.877393
77.549185
82.814443
9.823953
45.603959
93.625828
64.525168
6.897349
35.944651
1.669766
66.815390
68.430128
94.048903
8.590318
57.390052
52.410074
51.481503
96.789278
35.983487
61.255504
70.634480
33.578669
25.603734
47.031774
27.293930
79.565730
25.618771
22.690951
46.099321
21.515628
17.783894
24.976714
99.064813
0.598336
34.800667
44.668772
94.224165
99.325835
51.566122
30.168816
0.995601
18.381511
98.598943
95.044504
26.971830
55.988995
47.454578
78.453333
52.778273
83.438065
39.708837
23.412753
17.016734
65.312571
70.444528
44.310665
44.878301
96.063299
67.001616
90.977622
17.578927
84.785509
15.954336
16.643740
85.383846
50.755003
61.312513
79.608011
50.080838
12.878635
9.776826
51.076439
31.260146
8.375770
46.120943
58.231976
64.364765
93.575522
36.685309
17.143038
77.013587
76.394146
40.555791
94.030321
41.706717
11.000319
38.340986
86.585018
7.063618
5.342601
77.562640
24.642545
90.128110
93.516976
41.286285
75.511956
44.271979
2.598798
55.119967
94.352818
15.477433
64.896793
45.429257
46.737579
73.272563
91.550200
4.969554
37.637327
85.125722
41.654863
54.780366
62.139308
18.049009
95.336157
56.169629
59.755726
6.336476
94.510615
46.340744
13.400094
99.853216
23.903384
38.042639
89.981327
17.420361
79.328925
65.493283
61.692340
81.927722
20.613250
56.045158
97.405155
85.510043
1.474414
44.142734
58.782606
93.024615
49.112288
87.685770
82.427710
39.150771
50.105263
36.739910
26.582357
21.549124
47.298605
74.481639
19.374531
58.899990
85.710323
26.834845
47.794079
19.398648
58.896787
65.680491
31.771058
25.738566
59.023325
14.841744
82.410015
71.376311
41.409543
49.145627
65.961314
79.730186
71.374534
75.233640
75.050069
39.031881
72.919409
67.477779
68.182652
33.024672
14.217688
84.765009
44.573796
51.516293
69.246648
53.948327
20.416283
64.956971
70.783172
58.210362
74.355619
39.679959
33.890853
16.126677
55.418526
82.914178
20.968421
47.828541
64.290489
52.377964
86.974167
40.251803
42.108150
68.348702
25.485443
27.158218
17.380583
88.404853
84.635997
75.563235
31.429525
88.853685
70.328243
66.003321
50.369979
49.574891
29.951648
60.786262
24.531862
10.734820
28.996624
88.887482
40.414780
52.887477
15.014158
85.833306
45.801655
25.982580
43.661846
20.092144
68.360543
40.636014
50.343947
20.468693
18.984716
65.829391
37.626912
26.365299
64.234243
32.262909
11.928533
85.663768
31.116594
72.256777
61.667089
71.486573
31.831668
81.618738
42.272835
46.363530
82.353558
61.269459
45.251012
32.768338
24.156935
50.265170
28.601644
59.958590
66.247750
62.263490
70.050734
44.608293
12.899504
30.394681
55.076986
21.884219
86.224072
82.703898
38.249518
60.458315
24.966807
40.178051
56.122083
46.083401
22.434828
27.789172
27.569974
44.266496
19.407910
59.842808
80.630027
11.761468
31.112267
35.881039
34.529806
45.269202
76.146209
53.131450
15.227793
52.393959
25.394940
75.278527
87.002252
28.294443
15.673208
52.079239
40.178663
11.897280
44.783137
68.428181
62.355595
59.749944
18.606232
28.477678
15.833344
31.041060
46.266851
33.403318
65.307556
55.674761
83.246126
55.937583
57.436229
24.358393
81.818622
81.966035
59.627596
67.964831
45.097485
64.855388
30.358790
60.492425
50.133915
27.361042
78.786868
55.807123
69.440281
28.965531
57.704403
24.223418
87.393711
30.059998
73.973361
15.999943
48.537676
79.806706
37.041003
84.804527
23.210023
12.348559
50.479287
16.456150
58.286142
17.915516
30.814543
50.104764
89.881551
80.442139
28.069595
44.979036
55.297527
48.428385
15.471460
15.431442
65.789427
84.258328
61.238565
45.229708
23.223859
28.942968
59.453125
20.617570
49.002966
43.426487
26.617513
87.540642
33.233192
53.658515
82.345168
46.443216
56.007075
42.824456
52.899365
24.293217
50.739971
73.713908
64.397981
50.621522
64.156047
82.467576
85.600558
29.453574
40.895960
11.072018
34.885016
16.685387
85.330346
86.123581
51.915095
18.554205
25.066549
21.368220
29.171775
64.069514
54.794707
45.789287
61.610156
78.027899
89.447803
53.955324
34.471114
55.454877
86.779780
77.370480
69.748094
47.519751
61.084388
44.146075
88.141274
35.240435
36.613650
83.741832
54.694009
67.509610
84.813850
79.579025
74.194997
80.144196
75.702606
36.110092
88.698401
10.769154
47.478312
27.870176
64.838668
12.273018
63.659463
36.448824
80.300917
63.107266
80.404149
24.772032
28.562143
77.183929
12.142511
88.310237
34.703680
63.226899
42.456311
32.844954
88.467334
69.069961
26.586786
53.161342
46.579572
21.400636
42.740367
30.774569
11.544832
28.442972
56.884661
10.243233
29.212127
14.362973
28.113409
84.050795
16.635991
81.772872
30.499619
86.936909
54.880138
20.903768
21.708940
73.442281
88.087697
23.851451
71.752517
32.791377
77.078350
24.208828
55.636331
75.545684
83.278790
72.223117
38.707026
39.858361
83.623752
71.447393
60.632930
85.168584
89.890366
27.517591
85.411817
29.102492
31.880564
23.525226
23.153287
38.516555
15.298098
43.652907
35.453464
60.178236
54.556675
47.162404
43.620517
52.644372
61.013856
25.373034
75.435749
48.092206
39.581862
41.072081
33.637890
32.860652
23.295198
62.344916
62.719013
16.918950
43.792309
33.351943
12.087534
43.682675
50.869534
87.499352
62.785168
72.750099
21.024578
75.938455
21.266654
26.322676
29.591362
46.720118
76.500913
74.148037
83.882522
30.121429
36.792409
54.896378
45.494463
22.228158
12.988583
75.076325
53.300239
36.626473
17.936977
66.595437
88.971389
70.655990
73.514387
42.763699
14.007933
75.601921
76.446374
54.877468
73.101273
49.231541
37.627566
84.125851
35.169996
48.894220
20.448527
54.761358
85.614338
86.949440
38.909394
79.496860
27.070869
65.701803
44.393238
62.565332
77.929961
47.381821
47.641657
41.230200
74.008295
55.578634
17.825637
72.979684
36.234624
81.340023
25.743382
40.242557
66.941944
12.189756
85.120025
50.043217
51.421297
32.747591
44.169067
76.591293
71.641811
54.617594
41.352651
67.256149
51.567034
70.262045
56.753010
68.637903
45.963848
11.146248
41.203235
33.893810
48.528069
78.844892
65.124010
32.536363
44.423526
72.949647
15.516047
70.658150
64.289670
31.259429
20.900707
41.231614
33.449185
16.020732
81.274831
74.870483
38.768323
35.443899
61.461776
20.410135
80.061493
12.814427
77.666284
41.628527
73.076472
44.419294
20.266429
29.040321
45.565541
51.469664
52.934131
84.093610
40.314555
28.058141
26.629973
74.738081
11.007787
32.146021
55.396232
65.297457
53.405450
66.296939
16.529072
76.854635
72.317671
87.803903
61.725118
21.085995
33.247802
33.186894
31.496129
23.309294
36.001321
19.162413
54.937821
19.077794
53.581707
65.204250
38.118114
89.147248
26.673914
81.052245
83.240858
56.988469
19.110386
19.870832
41.726550
20.118173
42.016852
87.122782
75.415630
85.422302
63.419721
81.944702
72.276938
45.737392
79.748605
44.002056
56.823387
22.996407
67.188950
78.319516
36.305701
13.190271
87.481929
81.243522
22.268065
51.063636
56.447772
50.386179
50.210884
73.121686
41.438424
43.451742
40.110155
50.548810
53.322574
71.836705
60.666983
85.339427
68.959487
46.082613
80.761729
42.379208
38.027315
63.038667
78.116600
27.775921
17.040722
44.939987
40.772327
74.229672
33.259502
67.078029
77.419944
30.741431
58.321551
89.688008
71.805067
24.769323
50.074188
32.015952
87.891009
81.512612
65.467694
38.001164
42.061422
28.790268
19.837869
12.728405
24.129695
78.797356
48.811018
14.891423
31.176564
76.838333
67.930090
19.293164
14.614254
74.970812
54.233151
45.386581
59.200485
77.492654
22.464610
46.620428
18.234085
70.786161
46.308437
80.039153
85.555484
86.382625
22.055104
83.446493
77.895237
77.522798
31.447657
29.956659
16.313066
41.285526
32.685063
30.442761
30.082882
71.496081
35.334184
51.259447
58.334414
13.264274
60.552611
62.948668
78.235087
24.785762
18.335249
47.435571
12.278416
30.799859
84.056000
20.512501
11.586020
40.364437
10.551653
87.141504
36.747061
22.606757
80.587997
24.642298
10.129555
22.035653
44.598956
16.442621
53.321179
67.284019
36.885382
73.404061
48.780101
62.219566
34.663508
17.114515
65.483840
85.216119
70.063183
53.718927
20.001881
78.398432
11.154498
22.280297
19.198291
85.210498
32.792798
20.784311
35.574935
33.344451
17.925815
62.321996
45.951208
88.513811
76.964293
46.080764
20.549465
31.563249
52.523385
63.870644
88.847269
79.408767
47.274705
47.627369
51.628334
71.938213
54.741884
27.112174
67.154332
34.805068
70.831101
77.156213
23.203500
71.985600
89.436510
32.401791
67.196098
32.229307
43.186102
12.771032
55.573759
51.111917
65.093028
11.524967
49.625729
52.057322
47.605731
60.175193
73.620571
10.129116
34.045837
72.467840
79.537883
71.320542
30.095209
41.166217
53.258755
74.837094
58.278391
30.413087
19.642161
39.109492
17.569300
32.845661
21.095092
17.005810
55.247453
78.291189
39.235117
88.433555
81.062222
84.808876
49.545472
56.155250
86.333843
89.171201
18.212572
43.939574
59.346394
81.833143
44.068690
83.392231
64.300983
33.606573
64.712773
84.396192
64.772790
27.971528
69.233286
33.051181
48.384615
78.875447
62.160673
55.953915
21.721109
73.255764
62.959725
66.968561
61.546954
12.194843
65.402116
52.609176
87.003719
24.947589
18.764426
83.337562
24.118789
26.976997
37.277135
73.465183
18.810140
71.345825
66.857414
73.111123
14.952398
41.570187
67.507315
69.725188
59.541715
46.740601
12.776368
17.926330
35.616048
64.937041
63.880245
47.337156
48.192806
36.839970
24.305718
19.739759
39.034813
79.707834
62.348935
36.038531
14.655423
71.113360
29.376093
28.774212
88.090358
56.653228
12.239395
16.900498
37.999053
69.096809
80.011621
42.951451
20.666995
57.518935
22.676638
70.208710
14.259536
25.453007
78.135039
39.875584
80.390048
52.015284
77.212740
38.582853
78.855254
11.518458
48.322613
27.890067
81.226292
20.671547
53.928598
85.881714
81.784908
73.304691
24.655926
79.875266
39.957919
26.895321
86.775763
67.956972
85.992130
76.787384
20.908423
16.659125
44.306319
33.585061
76.867835
48.565855
49.038068
65.002874
78.441438
39.428116
27.018158
65.654178
68.010969
15.873412
67.172636
26.333582
33.763479
58.398928
37.005129
77.692077
54.280642
28.790037
60.996768
68.936568
18.665302
10.954687
85.831889
15.441065
68.911660
81.824019
82.228449
79.820082
88.483144
36.534768
23.405144
75.350979
75.100623
62.443211
50.353853
63.542061
11.871327
67.372011
39.196240
69.882296
73.245423
16.368876
86.215878
17.008902
64.767803
33.221007
84.700980
29.048446
52.011043
55.697748
87.985014
60.676346
56.652436
83.816903
66.117411
35.564095
75.640922
58.345860
25.384178
74.124066
84.880629
38.789321
59.475045
69.981252
11.232532
19.828897
43.523313
13.103860
77.200908
72.719553
72.986156
60.446332
79.088429
69.202033
67.455234
53.856232
12.423040
62.156214
72.904678
54.434084
27.853962
70.889692
25.110429
74.506398
64.706595
81.227841
20.070493
50.347517
49.573701
35.454670
34.471583
44.454330
64.243991
83.946628
24.435582
65.476524
13.775525
57.958895
68.580383
80.976434
40.678448
51.566539
51.422765
29.766876
30.768573
28.877999
73.623108
33.191613
81.034213
56.527786
77.625696
18.888175
37.417477
12.736126
83.394573
12.124072
83.963966
13.465065
52.471589
43.537667
38.919736
76.943172
77.991997
13.163727
70.889800
12.427579
68.640251
74.665326
60.386474
47.220635
65.641759
11.064921
88.787174
27.064525
30.831798
29.555746
45.942524
14.454906
52.747359
36.976737
60.982691
40.373056
45.864912
88.400169
43.109181
39.259485
10.524241
37.073148
42.724550
52.995830
70.610815
71.644286
39.939002
58.602812
74.808013
20.828802
61.030391
53.448264
85.494128
31.416864
10.668898
61.135887
32.481786
89.456072
78.200411
53.313583
29.011818
34.142935
57.768489
71.759177
61.119672
28.751180
22.132233
16.984584
27.151349
55.241414
46.244069
27.675590
82.314562
78.968619
70.671419
62.925377
60.612905
20.610421
31.528189
45.420917
31.439223
82.558580
88.869181
26.933351
23.975444
89.538080
78.069238
46.457230
88.994152
66.269649
89.770813
28.005970
10.412584
57.539302
89.765147
61.532257
76.290482
21.897380
68.516841
13.441831
67.138795
24.760910
31.117421
59.453356
13.729529
11.788841
32.378733
64.342434
22.399262
53.906922
19.763351
43.838485
46.465502
18.632533
60.771836
60.440946
18.170612
48.841074
16.898176
17.164764
25.110723
16.668989
35.170734
25.523307
64.208291
34.935881
77.055564
50.498773
46.833262
55.572405
53.940604
23.972056
70.333316
75.058025
73.425413
74.062845
76.846866
15.804146
48.405279
89.246128
59.711068
58.168630
43.084613
16.176570
66.801163
13.856449
66.617515
74.971776
52.697523
73.515691
82.136539
67.808246
80.184680
27.307273
83.331554
54.392971
52.243155
70.387118
14.891743
89.076416
35.959523
58.832348
23.048473
16.292839
43.890373
86.473885
80.355684
30.737238
12.278031
38.760963
29.983366
61.989098
86.929593
63.067979
68.165668
63.730756
66.924428
44.783184
48.702532
29.621951
28.298875
40.839071
87.430198
18.483555
58.146345
80.761752
62.876525
20.389499
61.148869
67.768268
19.465916
87.108393
36.600616
32.514388
13.401231
70.490989
28.988273
83.756915
11.228227
31.266304
32.517878
31.211593
83.255402
29.447471
84.279572
61.421070
83.178227
61.204000
16.204254
41.880759
80.825951
34.503129
72.719830
78.256149
42.986683
40.866174
69.017901
15.863208
51.255674
40.166770
73.631477
60.721589
37.275163
20.232092
83.235978
40.676394
80.723081
22.224251
34.433309
81.951308
43.490555
56.951187
23.162901
36.745957
76.398658
17.442473
88.167028
69.576885
68.646473
14.371281
21.457643
59.472424
38.874410
84.177473
47.728573
71.861093
35.043647
26.746474
77.724301
76.299321
56.913244
61.355778
47.020910
84.188407
71.587870
40.256888
34.864801
62.310951
52.481139
59.298110
54.262259
85.971694
26.249297
67.425160
32.717651
12.647955
74.867633
30.884678
72.224839
53.514106
35.255960
83.682482
22.986530
64.130370
77.859955
60.715104
45.991463
22.903602
77.461578
33.715764
89.202923
44.374822
85.071541
46.223833
38.563229
66.659411
76.480721
63.428029
38.970363
38.961860
32.726140
83.232622
34.933554
48.975437
60.657782
57.651204
51.623391
45.525415
78.535883
33.848230
89.039521
23.791843
27.530712
22.026051
77.922212
15.390668
72.741155
33.913675
28.294270
60.202733
57.629439
27.497193
14.577555
52.700980
63.721026
43.140783
29.360392
50.201747
16.568813
58.330754
79.163607
39.294952
51.563376
24.097161
78.270389
22.221158
71.748365
39.893780
57.746573
60.284248
63.742010
56.786094
74.076091
81.272723
68.812146
61.998303
86.663390
51.553301
85.911978
24.957660
21.756034
53.541417
42.454853
26.333588
16.242397
16.175879
59.474372
35.602788
56.377626
66.043185
83.933542
45.541234
15.338137
45.496918
59.638395
83.608526
57.718076
41.386760
33.502305
25.464649
11.671008
87.244316
72.250743
75.747099
78.517038
51.062889
47.745402
75.180428
12.616189
43.657380
10.138088
24.372223
87.198796
42.592941
40.705811
13.441193
48.768820
10.180183
39.043981
15.146446
66.223368
32.977523
50.687680
71.561504
68.474441
20.326074
65.170030
36.192517
51.712834
88.672335
51.657166
53.383842
85.916651
33.907909
39.130941
74.433689
74.970798
76.876343
59.614117
77.586987
30.533722
59.752206
11.959210
27.732518
12.345147
42.665022
31.173711
51.113967
42.845205
60.217692
56.260413
19.068572
83.195215
16.948093
80.630076
61.669656
27.274167
55.800106
87.862174
68.987002
54.472442
49.519340
32.370844
50.389093
73.427250
61.501785
34.822782
58.398048
48.378127
84.436899
45.985035
68.911849
54.189104
47.944245
86.644368
56.534251
80.609267
27.818079
17.648218
33.454471
78.035771
63.908631
42.523043
71.230986
70.856724
33.153120
42.900642
88.130891
78.953226
40.762816
67.117893
43.425668
80.282156
89.488737
83.814761
63.709406
60.990522
28.637542
32.107453
19.368649
23.074441
68.092488
78.280498
67.263545
26.036733
74.924866
33.797796
16.646000
12.742944
41.446014
40.100471
80.778715
15.354645
72.623514
62.009700
76.211368
15.776634
14.910342
74.342259
84.729860
45.673158
51.460152
38.155528
35.955314
50.948889
31.970289
89.664720
21.939410
50.607831
31.772173
31.308059
63.682272
89.864661
19.588557
40.945817
25.901394
84.513423
64.743614
32.547394
87.256367
16.189628
62.647865
78.035082
21.544272
45.271379
50.044782
87.755641
51.048013
54.955125
72.097900
45.777874
10.628283
33.558052
73.933402
36.583597
74.506941
15.903691
36.248317
86.446352
56.511522
58.020490
27.754411
30.193793
57.885152
37.342968
61.139611
73.786546
31.856391
35.883224
16.333940
29.112759
42.072852
68.981804
17.147841
53.617124
24.253183
57.192623
51.372765
65.301197
22.147748
33.470665
21.079070
22.776031
57.028717
85.012472
49.359628
41.535658
10.916163
75.607946
37.982010
57.427684
43.628436
55.736421
77.621478
11.513588
83.079389
48.761088
75.300133
24.935780
74.644312
81.634073
44.048539
26.717164
60.615877
51.196380
70.334289
74.869060
18.389003
31.707053
50.170257
30.536751
55.177718
61.249327
43.312782
22.206435
56.261799
82.672410
53.742093
57.177962
68.280356
81.724103
24.605646
21.908792
47.460524
12.227124
23.422379
40.539912
50.988212
88.722513
55.475693
35.632525
80.356585
89.524232
52.349689
50.972462
50.720612
32.683978
35.841523
59.109615
54.391031
76.011780
79.646366
19.568749
47.261107
32.959148
31.775185
13.522906
25.631558
75.517278
60.700869
83.911914
67.241381
75.306515
15.820706
24.701905
77.533639
29.243085
55.241817
38.521851
27.965597
20.717510
64.154376
18.322183
20.241742
26.504065
59.294645
60.962354
49.188043
85.136168
30.071969
13.579074
71.147947
19.718335
23.147823
28.409054
42.677483
44.923008
31.931960
58.309041
30.440286
82.632829
52.220955
87.681667
67.939344
58.041661
22.383571
55.472983
77.284745
67.625388
83.994834
15.250343
78.342898
58.149210
23.572526
88.584640
74.653275
72.867170
59.546994
33.841318
68.003338
79.618963
37.420391
49.151285
89.337299
50.568214
67.560339
42.014782
85.491222
89.492300
10.323823
25.931508
82.125129
52.544778
23.613174
60.064473
20.586439
35.996745
25.537456
87.871184
13.622134
19.532290
13.121527
81.965032
67.681501
26.694053
80.549672
52.334776
89.561223
50.096666
76.176094
67.564561
39.715630
23.596486
26.715846
39.052929
64.164700
84.276186
71.067711
59.655922
83.768485
71.391534
75.587430
75.893614
33.936312
89.200604
45.958087
44.522751
35.197349
61.495543
42.393936
38.819483
71.027833
45.515463
30.784515
48.709334
62.209515
21.334187
11.044110
61.770738
61.430854
77.220205
39.335300
11.146484
10.816690
56.051146
40.199412
64.981390
50.327331
21.267123
34.637312
44.095817
82.658657
20.224742
29.989431
26.594969
19.425346
65.947518
61.117720
44.622695
37.443061
13.511656
73.442178
18.470895
49.027119
14.226693
57.180229
21.236634
25.560880
58.224339
73.007373
76.991734
45.444544
22.342672
78.138218
46.261234
68.393818
28.337630
21.242624
28.721149
39.604753
45.879936
62.816966
32.263410
56.104678
82.806397
48.858380
65.530023
58.753915
19.976100
20.152718
86.196976
23.487756
83.594896
14.667870
62.514875
87.821590
61.848099
73.751509
23.382470
30.072439
56.758881
10.374204
65.516982
69.101553
78.512422
21.778216
47.495371
16.850052
33.020840
66.216520
46.454806
68.900776
39.033486
68.718216
35.005454
31.839883
27.576595
10.535477
80.593798
37.552695
20.688196
76.790774
51.040451
14.283092
81.458644
23.555326
12.104681
53.306744
87.306834
25.487151
73.379182
54.065716
25.861356
48.896164
33.167269
14.373778
60.674381
70.662640
21.223830
83.695221
46.879160
57.678636
62.595997
75.912647
36.396852
87.601451
17.752530
53.973447
88.136928
88.346328
81.526143
18.825123
75.137102
42.566594
23.108215
66.595746
56.121920
25.212897
29.902490
53.428754
40.700048
13.281672
17.494470
56.561404
52.177836
40.661739
60.935181
22.852217
21.324379
72.159012
16.547437
58.203539
39.837648
69.143434
44.116185
66.234500
66.744885
51.868715
30.207947
64.881812
50.215043
21.734090
73.706936
35.352144
54.300684
86.815151
11.947890
20.422604
22.028047
31.850380
63.851358
52.728095
35.132051
71.345828
19.289499
77.309888
22.007567
70.224681
10.162104
33.331945
52.383692
16.709542
81.535484
82.221340
75.852976
35.651670
58.455840
52.597860
77.520385
78.663787
27.479673
37.735428
10.397877
11.186608
63.087572
54.698561
88.001759
65.035462
65.121165
20.029807
86.885841
38.972523
62.757902
32.017893
20.318351
72.047401
19.327780
32.325918
52.272082
19.489884
55.657863
14.655774
26.199426
47.193348
86.877114
12.052402
72.845017
55.332954
54.650262
60.365402
43.996741
72.129935
88.100830
44.394617
73.316543
61.188401
89.093178
71.318303
36.223863
64.214343
81.348110
33.109705
13.186866
54.106012
55.127598
23.505217
36.153413
64.455378
45.831135
78.425495
73.945262
11.488999
83.081270
10.144688
48.682346
79.958384
12.197090
31.527364
45.291338
56.847352
81.892766
79.288078
38.977287
79.993596
33.682696
22.293831
51.181997
32.775874
83.612134
77.405860
86.990216
74.960243
20.515565
10.177082
39.066255
65.643163
23.682299
65.219668
40.098541
59.513435
53.645164
24.043803
61.002433
46.726434
24.188491
19.684779
36.684817
26.385581
41.212143
71.976155
73.232934
33.104909
61.264234
22.210221
23.098505
84.946929
34.504052
64.280502
27.722803
28.116186
51.686362
24.713019
13.076429
62.201927
24.890102
42.142684
37.845090
38.572401
17.362352
67.943631
88.085836
61.007516
81.987434
59.088269
17.733949
16.175925
68.773048
44.418767
32.561506
19.985191
26.394922
15.794440
43.090100
77.659156
28.004661
56.188605
72.606085
52.508713
30.469107
10.328888
70.624899
72.155469
25.041908
73.701328
44.357396
39.932010
25.844011
72.202486
68.504411
33.206363
50.146117
66.590247
84.213879
42.133550
35.678515
11.947829
48.309475
14.451564
46.366596
70.870981
24.436755
62.761518
76.665421
57.526855
50.420674
14.670083
23.715460
33.026759
57.178796
44.184566
33.355647
37.803695
26.340035
48.397555
21.505022
60.697431
78.329564
37.349034
42.899917
56.833975
60.555397
83.046034
33.424222
54.769276
35.179585
51.166777
51.353348
40.812905
62.837103
64.561712
35.528955
38.088467
31.655002
63.248610
58.401915
69.639960
46.579982
36.248914
45.398922
64.582992
57.626441
44.431519
65.880717
49.187371
52.454566
37.536674
40.771680
50.103647
38.848381
69.456183
69.862885
52.234620
66.799686
47.417630
54.599583
65.618729
68.584406
35.952931
36.431634
61.421510
30.514644
41.960589
69.509976
32.169646
35.209199
57.911891
31.809605
51.789181
64.160806
47.208527
46.372173
51.787246
61.640046
42.252890
30.974617
44.094613
49.789564
41.746298
64.198260
58.637944
41.202481
64.061144
40.872565
38.002167
41.478774
65.472148
33.620896
40.063180
31.425079
40.052531
31.484690
31.939723
52.013120
30.994666
34.109368
57.222319
58.906558
35.918974
39.011500
53.067363
53.127501
55.383673
34.854609
44.767547
67.636563
35.829227
58.862160
47.426126
47.575525
53.060419
36.064071
58.778006
47.121564
46.936635
66.780173
58.600338
42.408783
30.401070
68.663518
43.833862
40.453600
30.148208
45.773585
62.466720
31.142874
49.882954
49.689039
60.049432
55.801927
58.700540
43.116795
38.929428
44.084213
47.971405
53.696975
41.720775
53.800631
42.559135
59.146902
31.376156
65.619554
65.210972
60.154162
42.741118
42.147608
56.934335
31.341456
54.556391
57.335404
30.004974
68.390253
67.789004
30.153182
44.163838
60.255724
31.296056
64.046792
39.944764
61.345488
49.848719
68.645304
34.462283
58.778148
42.729516
52.433688
42.475123
54.450292
36.234319
55.034258
43.597194
37.610475
50.653812
38.808166
67.764636
63.394930
50.955774
54.698971
64.736386
35.512164
42.034375
64.741360
33.902417
39.823379
64.894541
48.066256
30.079104
66.190597
42.113047
40.023868
57.536085
61.961766
38.669171
61.998368
50.739914
51.398688
44.432056
63.215037
35.848979
50.666375
48.249295
49.446173
58.276849
68.903107
58.254339
56.041486
62.298038
39.210112
40.740456
57.034424
44.722277
52.774832
51.775783
48.624694
62.598211
46.670324
66.690950
62.677315
42.860922
38.803997
32.701183
30.397007
30.765763
41.370354
62.395375
51.505677
62.769041
36.827431
44.720714
68.618021
57.493805
62.970009
48.064194
45.770655
61.873116
36.318532
31.812140
54.171153
45.528645
42.552597
41.205577
60.250922
65.327428
62.981360
38.875616
57.925639
39.651685
35.566565
50.602954
52.512606
44.370562
53.304137
52.909613
45.136326
64.674490
45.304987
66.642003
57.443532
52.132418
41.362717
56.061553
39.626223
34.332725
34.125746
55.396878
66.205841
40.444279
57.209018
50.376995
55.972924
69.761615
61.582572
46.223845
65.089043
54.563932
55.099461
53.014683
64.215616
60.666026
33.617637
46.728223
35.036589
56.921773
69.637835
50.172914
51.596264
44.942823
46.814917
39.039796
67.075241
58.177634
65.101348
36.701464
62.510359
69.227095
62.098342
58.716200
39.671373
49.307361
39.093195
65.644297
49.068976
30.675766
41.868142
44.158019
55.239698
66.967603
67.172702
49.455315
57.633629
30.790338
66.183537
62.670218
57.712112
65.821373
42.843132
39.308376
40.764195
59.658049
48.348171
37.839436
47.835682
43.449519
44.540900
40.346041
42.676614
36.639243
69.062241
52.347987
55.946603
38.155436
47.992284
35.015579
38.831202
59.860426
49.173598
64.070900
56.828028
46.346300
43.526215
44.461657
47.136639
39.709752
37.131875
34.848750
35.531125
49.975007
44.157126
46.295320
39.633055
62.505297
54.134756
57.468738
35.954817
68.675657
67.814779
48.631431
35.314899
66.877020
30.979418
61.261503
35.032456
48.971701
66.277082
43.863659
38.832127
45.450681
37.934559
65.660155
61.796981
51.460774
40.121813
38.933620
61.170526
47.253688
43.782370
66.701651
67.228694
57.939496
42.996971
36.861749
50.444793
67.131727
64.330487
56.399610
65.807384
62.145266
35.031040
31.122284
59.022286
36.010458
62.383786
64.054743
54.982159
58.660869
37.918401
63.814286
34.111549
45.852961
59.474442
65.908530
67.313735
69.596254
34.842149
58.484261
46.849942
48.624519
55.185912
44.078636
36.564015
68.182883
50.940385
57.008809
65.314611
45.270872
43.408419
61.121995
37.416138
48.439459
62.244278
66.438425
54.449917
54.628065
60.493167
39.432076
43.288933
68.411569
33.246362
47.400482
44.264530
62.720804
43.309012
41.578264
62.317058
48.151161
30.062526
39.167000
66.775681
55.248438
53.245636
33.339696
53.431321
34.186022
60.348505
48.745932
49.456894
33.756924
39.867926
56.873033
52.196382
32.112204
53.311457
36.646299
56.740269
43.804625
46.078375
30.029202
42.216193
49.324737
47.429684
56.480723
42.045541
60.738696
68.058987
34.362600
38.889858
68.121513
43.529600
35.665539
53.369951
66.775236
39.005235
36.801272
30.961258
69.353740
55.547203
50.418152
33.110664
65.415130
37.291185
55.307046
67.527334
60.602642
61.953345
54.267603
34.407266
38.031720
54.296805
46.623460
57.356458
31.726489
33.104183
69.401999
62.465185
31.163170
33.764599
31.355043
69.284683
47.294199
37.020582
52.654634
44.069436
46.025817
59.455905
45.030693
45.379557
45.003109
65.448845
48.490221
40.418238
32.740030
33.797267
37.945572
63.342672
65.750612
62.213175
67.749938
33.782332
46.509980
44.373398
61.138790
48.236469
47.477581
60.540790
40.701654
48.640751
64.305389
42.056697
47.925434
41.599588
49.077279
30.580067
55.669023
65.103096
60.035972
30.699717
40.482653
35.039081
66.148562
58.972874
45.457319
68.888592
62.770140
53.402891
62.231264
58.520753
45.616066
59.981202
62.303085
62.126045
34.354600
53.441875
40.362514
51.832181
43.982665
51.064168
30.472932
38.288053
63.120865
48.398365
49.887641
42.198144
48.978432
35.556665
37.301240
39.014405
36.256382
47.783893
44.053486
32.404944
36.756766
59.510805
31.293537
69.526907
42.913695
63.524801
58.047659
58.529761
53.506003
50.350744
50.655806
57.860604
33.792619
61.018320
39.692785
47.775284
42.082488
40.165716
56.063338
35.203354
58.564081
35.950979
47.401498
37.542513
41.507644
54.702738
46.556918
47.764026
32.486631
60.610404
50.168970
39.243397
50.121208
51.462506
38.770304
63.034904
44.987307
66.817963
51.564665
68.493311
47.168708
32.220471
56.353914
50.961327
63.238791
66.046699
68.736611
35.321280
36.212415
54.799949
40.524633
64.776496
60.750928
57.926131
32.319009
32.258572
42.628869
48.875928
50.022597
45.115500
39.486331
30.191567
54.358897
59.607539
51.654073
63.129201
52.642443
66.641381
59.947165
34.207107
65.134691
37.115872
36.427579
51.488605
58.077200
69.666370
47.535304
56.813811
34.987650
53.747719
41.613760
45.512283
48.524215
32.364688
33.438415
50.843224
34.623260
46.067284
69.719152
54.645857
61.182784
39.205483
54.837424
45.541681
68.813022
36.491497
38.670882
51.455465
33.132878
68.618046
55.662573
68.267569
35.733919
62.090151
49.756174
63.811118
61.756521
67.291478
50.624929
66.744171
51.039197
62.238689
42.256454
69.563412
64.603377
45.694869
50.406636
69.226636
61.762153
50.125788
53.872493
52.944936
59.331271
38.709917
68.486617
58.144293
45.201415
37.157499
39.599758
48.334293
35.775545
65.262330
46.601862
41.509464
57.352481
66.358036
35.320582
49.109002
63.649514
55.945511
45.853173
44.688711
48.184200
58.109627
44.252123
42.787577
33.804496
64.658758
42.014213
65.566649
44.784546
65.886707
48.511585
34.115817
34.596624
46.998202
62.260109
49.798039
54.155701
31.859867
68.132332
59.931246
67.122197
44.734193
31.440709
54.474679
41.092229
36.761291
33.583681
34.741744
62.706802
49.436854
49.430455
40.891002
37.546482
63.682577
53.678579
41.350978
58.341336
65.692793
36.917626
33.125882
61.579499
55.429211
37.241698
66.176124
32.427413
69.501808
45.974163
56.583114
31.361675
44.106494
46.514360
68.483872
58.840687
47.955069
52.958551
69.932917
54.716360
56.542232
34.674660
47.423163
35.979086
54.105115
58.314165
43.525567
47.787692
41.992745
54.876545
36.129028
37.685537
61.794171
39.254909
69.265037
47.223383
46.496608
65.441160
49.650796
45.998415
41.415323
36.233910
47.360090
55.521817
52.748269
45.843962
44.362504
30.703338
68.802512
44.295421
55.419699
55.344744
48.970082
32.842862
61.323830
33.075196
61.157027
34.849397
50.862889
33.149772
59.725943
56.991916
40.835309
51.520114
66.246826
40.100346
68.743497
42.743433
35.541506
48.394293
58.741848
46.956829
54.628203
36.101938
32.478646
37.376472
51.945900
46.841151
38.079810
50.748412
61.136572
63.499509
36.093156
40.106653
66.342371
67.416986
43.181850
57.499398
32.266383
64.044738
60.649169
61.992326
51.036655
31.484478
43.512440
47.283480
41.584824
42.255936
60.026914
47.126330
60.650229
48.768762
64.083159
45.278432
54.870700
66.561805
52.654904
36.816599
43.402956
60.734714
57.565011
34.539528
54.234223
63.658167
44.646181
50.576594
61.075153
57.828031
38.075992
63.341536
51.872769
68.725161
55.333862
32.909424
30.209639
68.846302
50.192904
41.794463
41.102238
40.219818
58.920793
31.752467
58.988580
53.003952
47.030899
43.859280
49.565758
69.685803
50.675879
62.968714
60.420517
38.240891
67.508241
44.654740
31.899058
42.154422
65.231334
62.974211
69.982453
33.307326
56.315747
51.855222
32.032487
41.649609
54.764645
32.242126
40.495910
34.957549
44.036589
51.598148
45.177367
32.957383
53.350616
34.165947
55.961335
30.381515
48.025227
35.527093
30.067318
68.701107
68.495806
60.487835
36.941997
66.004048
35.142576
38.841055
38.158470
30.373910
31.815266
38.140922
33.681236
58.131013
59.996144
35.713723
69.780621
44.760789
37.955849
40.276532
49.718338
51.992439
61.874680
64.895706
54.949821
45.225296
69.061653
40.911156
45.606811
47.086880
46.438249
45.674129
45.787987
44.934056
36.161965
52.729984
40.938103
41.304540
61.571039
49.096573
41.678450
63.386305
57.237495
45.359687
51.517317
47.233639
51.073410
51.297939
61.994428
59.029259
61.574471
41.712766
41.021698
53.449151
36.608472
65.971519
68.674447
35.670125
36.882675
44.281259
52.757005
53.320924
59.955388
68.544992
68.254980
66.117352
51.274975
39.193083
37.421893
42.846014
58.289656
49.100343
36.232319
45.527151
64.460030
57.749636
62.760790
45.533439
39.047575
54.755218
34.562698
30.622046
66.467984
45.584396
54.071197
33.076456
41.555915
52.745644
38.746581
48.438590
67.026903
61.503586
31.759515
56.982291
60.048577
30.014495
53.099643
41.323553
39.207578
60.521536
54.169567
67.497234
39.621879
60.401886
43.024385
34.081908
48.151522
35.785175
49.615347
57.199098
60.540393
54.178046
57.821143
57.008377
69.762442
41.892340
60.084832
41.318357
64.637985
68.831413
59.756947
61.664887
60.334999
61.516462
48.647178
50.383576
61.530957
31.746821
61.707129
30.738535
62.268356
45.876696
68.235769
31.890235
36.278582
41.260154
35.972143
54.430105
47.045330
55.587490
41.629202
37.585722
39.765536
69.450346
64.594099
39.527977
41.342686
54.678931
50.846334
35.980671
53.510344
40.603281
67.645558
43.845343
32.119743
46.292736
64.228919
63.650700
48.039557
55.936048
64.389235
40.307913
31.812744
62.625004
42.198148
38.091326
33.885158
48.170291
62.521431
50.930488
33.757781
34.150633
58.516210
43.523316
33.600979
53.110309
53.051294
44.943665
37.789240
33.897628
50.924335
61.299585
44.500909
48.569893
35.144928
46.620652
64.862629
69.373847
40.271352
42.902185
55.309896
34.660586
53.210098
57.122640
67.285590
65.408246
65.213966
31.170749
43.578537
57.735397
52.101237
47.336318
61.886030
40.617447
60.859634
65.487009
63.727756
43.910928
40.430674
31.516996
47.808555
61.355009
62.816581
62.309464
39.924902
67.961509
38.930116
34.787531
67.335356
49.201467
47.689717
52.645251
53.862054
30.899815
39.767891
51.147644
66.308061
34.981858
52.318393
39.886598
62.717255
34.419629
57.222915
54.603285
45.037076
48.082549
50.090294
38.764832
61.993477
60.520968
40.281828
39.802032
51.875977
33.098408
32.111497
61.800879
31.059917
41.041612
66.588410
68.395273
60.243080
44.278127
51.040524
44.105133
45.177941
60.808415
65.252778
41.486002
65.790273
47.571170
51.372600
58.507528
51.990799
38.595516
43.110813
67.027875
56.678065
63.201107
35.792707
48.671542
53.722075
46.074534
58.473575
35.598052
49.172943
60.585071
67.398931
50.232860
31.626684
63.987341
48.628132
61.869763
38.265468
69.668656
35.974897
53.443409
60.477072
31.227674
64.929412
56.267344
48.798845
46.302012
44.774872
30.789644
54.897528
57.885685
67.817519
41.575593
51.086792
33.610226
60.247135
34.808867
49.684761
48.720710
40.406919
68.857703
39.305781
37.805850
49.090563
40.932465
31.793191
67.718695
32.802228
40.058659
67.387352
38.777125
63.502068
57.864423
40.004799
58.431479
44.131768
58.803644
34.733491
58.906640
59.593288
59.631019
46.792324
57.410807
31.206612
67.879116
61.021033
61.453747
32.687983
40.705794
40.174457
43.094902
39.563498
49.480238
50.900752
58.654061
60.412702
52.693943
56.372756
63.214931
62.752602
53.760107
31.992056
56.254670
41.624531
41.996855
44.686149
55.756298
30.800499
49.419641
44.662938
60.393787
39.050660
61.455262
47.804594
40.257271
59.334379
38.825628
31.711018
62.022362
49.531422
41.885474
35.117264
59.094920
61.365712
56.018016
47.748980
51.778415
38.711960
34.121736
44.993345
31.464561
57.881843
46.985401
57.719231
69.506374
58.982256
32.405380
55.262672
59.782755
51.825021
69.925610
50.176542
60.875681
61.380872
67.981136
31.132952
50.715251
36.806764
32.843970
42.737612
56.338186
44.729444
47.854877
45.433106
36.095156
33.872893
63.182086
57.873571
42.584852
67.303822
32.866916
44.049414
55.185665
49.852317
31.768645
54.692039
38.834573
34.174025
39.954711
68.617328
55.999046
39.880321
48.793870
46.874727
31.261193
46.775007
48.007679
51.976443
53.581771
50.851649
64.714056
39.919957
65.581093
42.568932
55.353063
31.676250
46.441825
48.535149
59.549820
59.026678
45.838971
62.416737
33.076091
31.024636
42.269054
34.844736
55.716675
51.103626
39.018762
65.671386
49.720954
65.017808
35.551707
68.514825
41.892535
36.812900
45.289831
59.900214
58.789343
68.871602
40.751863
53.503399
38.791559
36.332956
66.072331
64.144622
38.009206
42.514157
42.679770
67.559026
31.540834
58.518741
59.975763
34.616926
59.543377
32.244816
39.461662
45.260052
53.348443
48.480424
40.931438
33.069397
43.498233
46.483145
31.584222
55.390768
53.296045
46.874053
45.290983
42.085388
45.745655
56.042846
65.588787
54.537214
62.375802
61.661119
48.681835
30.385008
34.175276
61.361606
67.944034
35.716110
49.880347
57.919797
40.333036
39.423723
60.164614
49.794698
54.683775
43.513056
68.275123
65.615213
46.582454
41.773355
42.098358
48.166676
67.164124
65.394403
65.040728
42.455106
37.479791
40.786383
68.497952
33.068579
65.323597
60.873754
64.729698
44.005432
61.258762
68.904973
35.367038
59.202797
34.621083
55.247384
47.122594
44.954119
64.671108
37.287207
64.748818
49.354883
50.800264
63.023940
44.970096
67.382717
34.797296
57.068454
45.549393
31.961419
52.462857
40.590121
44.416526
59.942648
51.376504
42.914478
63.011227
46.700101
33.788233
57.740925
60.705533
65.046995
56.645898
66.072571
54.249792
61.266981
51.319955
31.372385
36.221101
45.991063
38.659593
30.969918
65.345946
59.459857
63.993859
40.316041
56.842574
68.791154
67.384495
32.391967
30.752574
49.847352
42.982088
45.169100
39.790001
64.358593
58.083578
32.801228
41.058694
61.871810
60.542153
31.764227
56.918805
47.188051
67.836799
41.168597
38.455032
49.156754
42.540982
44.676133
65.147817
51.200575
45.646051
60.493763
40.660432
39.639910
30.809804
67.503006
38.431064
68.194299
69.894972
39.183638
48.041651
42.877061
54.352738
57.831652
37.235653
42.436315
60.632880
48.294347
34.308126
51.175033
50.058575
61.226931
68.363084
47.895374
32.395528
36.818116
67.052128
44.936511
51.494249
62.199945
66.137086
67.140301
52.693707
36.797517
36.780210
53.503511
34.300523
45.211275
51.697811
34.195495
54.394912
69.739462
47.072556
38.747650
57.571114
54.308210
51.183966
48.203994
32.602557
55.492091
69.379027
52.661132
46.719023
67.742111
30.556505
49.114551
34.560227
67.608633
64.051062
56.054476
59.808578
60.188147
53.194777
42.502285
66.985665
59.974987
66.005796
31.286188
35.186262
47.703607
35.481683
59.581174
47.443069
52.554239
68.328824
35.014183
36.862449
49.512790
53.218177
39.465006
35.004881
52.597204
62.126138
51.723904
50.339315
62.682643
30.838455
54.899542
60.291276
64.889516
40.954018
50.099853
55.077664
64.148795
62.602138
52.063328
54.123782
58.607934
53.349516
59.310043
36.311541
58.831199
48.891217
53.754610
41.385438
47.220042
58.768792
48.247887
66.732831
41.986970
57.712893
31.737712
64.584174
49.839030
53.461616
44.923489
42.521673
54.300071
69.823030
32.812949
49.189588
40.777048
52.912803
34.267251
34.925843
45.514941
56.330580
59.049625
34.122875
39.680096
48.359668
40.434416
68.511295
67.250885
64.189025
39.896733
44.470927
52.957818
58.144620
41.203758
64.944788
45.857513
42.941471
59.528961
65.696543
66.403087
34.452450
38.218216
50.703158
34.275480
41.031165
69.892746
45.052529
63.943968
34.159997
49.978372
39.458909
60.490577
39.027997
43.581784
30.170673
57.387665
54.016200
68.681968
54.638550
48.205225
38.578701
69.109477
31.163043
66.723321
40.313235
66.107830
42.580834
53.254706
55.636792
38.277377
49.657793
60.089242
46.495593
30.360951
64.364722
57.526758
30.253697
39.417251
51.470726
34.413695
59.395622
60.929635
64.904272
68.423619
34.511418
65.074945
55.811283
58.527618
63.756913
40.449834
36.732843
32.335614
39.559310
37.895886
69.058936
49.872546
34.003716
41.639770
33.127252
59.640508
49.917146
52.785045
49.729749
66.412739
53.145996
44.094471
53.939498
53.399693
53.511721
35.410223
57.813388
42.907344
66.339858
52.717660
41.330963
30.851276
47.792605
67.142246
59.378894
41.549519
37.592080
66.111736
43.885133
47.151390
34.007622
42.944069
67.023936
38.011338
54.583838
30.151188
67.651845
34.500984
52.936232
47.381594
30.913724
36.082228
61.476065
54.853221
59.481922
44.987787
60.263445
47.295310
57.895130
56.603303
30.012970
69.226093
57.454579
47.805576
66.368339
46.833473
59.355094
33.960419
42.945209
33.240227
51.111809
46.952831
46.184296
48.135745
54.964169
30.768134
48.286932
52.616014
35.269119
31.223165
69.997608
36.182842
37.305393
61.473674
61.036064
66.787315
36.461460
51.299508
44.082625
64.356591
37.902811
44.095595
63.582684
65.357390
61.901171
59.951023
42.190863
51.256265
63.911442
55.136072
54.496493
45.023251
32.088903
30.680789
63.158996
57.053071
31.448923
41.445928
39.669085
36.718041
42.669093
39.666694
42.900884
49.974486
31.140367
33.936947
46.761801
37.601827
55.236456
60.844426
31.958418
63.139267
34.940021
65.541102
58.496657
66.841192
55.492125
30.687520
48.097457
49.403566
55.823592
32.593950
64.426817
57.912494
33.274739
57.585813
44.965566
34.723661
69.031741
54.634651
41.441703
41.700834
64.301344
54.342586
61.675319
65.441712
58.279533
38.437120
33.043539
43.515989
69.281546
35.001957
36.655256
34.221567
30.543059
65.151913
31.062759
56.035183
65.839433
49.160216
35.438750
51.663024
51.754166
69.865567
39.575519
55.028904
57.451380
54.541084
59.752565
56.483120
39.175735
31.194268
68.183954
33.477080
55.536854
59.859273
68.918791
43.816388
68.296393
31.962330
57.332377
67.577939
36.964287
63.987633
31.799506
37.507346
59.139545
32.862265
63.542529
54.978978
52.022481
68.981279
36.642002
33.776646
68.846846
46.217521
58.805551
56.298225
30.758606
48.558116
42.781345
39.934341
49.752384
40.965299
43.411420
35.289238
30.824572
42.330212
49.105626
69.120966
44.292542
36.438002
66.698905
51.256829
30.425635
68.498411
58.764175
59.565180
31.360676
52.306704
44.544158
53.383157
51.287982
51.186161
57.159803
50.134828
67.403682
45.965354
36.433053
68.162288
64.523470
49.214398
38.096628
44.275854
60.179698
51.508049
49.565092
61.004270
63.838260
68.670718
60.125236
38.130802
35.108720
56.824141
59.387631
35.534355
55.322552
48.151805
65.099536
56.683229
30.458509
39.643694
40.066385
51.746491
60.829855
67.226188
31.881319
58.233537
43.191542
38.314372
56.395825
37.715012
57.528770
64.492453
51.990866
47.708468
46.000502
31.555958
38.712738
39.838762
30.226676
68.837974
47.969564
35.335397
55.662115
37.357195
40.869752
40.984668
55.509000
35.969288
67.667896
55.967509
45.612982
37.734282
37.714000
36.442837
34.960470
39.595319
64.676374
48.152012
47.909691
51.072199
55.867024
35.438461
45.564653
37.857890
53.146929
61.565155
39.413848
61.859667
31.403917
39.640525
60.697641
49.373481
44.975921
46.359757
56.730676
55.845673
57.344424
42.239676
61.814961
55.012321
68.207185
37.427943
62.746602
35.921186
43.870780
67.707072
45.516504
38.547154
45.859084
63.426195
59.619353
31.726109
58.447210
47.739347
42.978221
48.119027
59.254607
50.933195
55.435744
53.770896
51.902432
41.260901
51.687220
41.567226
51.666661
57.624452
57.139338
45.329170
40.393153
57.487377
49.133000
53.925166
41.556930
57.120602
44.174091
51.124991
58.685878
51.804946
55.592990
56.564219
47.167884
47.374547
54.656694
45.615094
55.113895
57.634915
53.734120
54.368502
48.568110
49.169864
48.139398
40.470543
50.430765
59.826617
42.037769
42.097426
57.451069
59.177106
47.426596
57.844223
56.664484
56.559596
51.769388
58.221414
53.680198
55.943479
49.346405
52.366076
47.748425
44.939395
48.930295
54.916309
52.313942
43.586989
40.531403
47.427837
41.221904
54.265523
41.796339
49.790015
43.435387
49.935737
50.260558
53.866151
49.762354
52.298326
55.963577
47.213423
51.475433
43.390173
45.057645
48.139917
59.949769
56.827034
46.361330
53.629968
52.770513
55.707736
45.996044
40.518938
40.647131
54.926339
55.435246
52.961073
58.513328
55.966649
40.388910
59.735232
50.232172
42.185249
49.525247
53.667558
52.120986
59.785805
47.533710
41.883339
52.084131
43.497287
49.096762
43.559564
46.887459
54.154407
51.699481
46.837229
50.981441
58.060811
40.467197
43.751954
53.768547
46.463241
44.270891
54.415678
41.389580
59.706138
47.376751
59.902908
55.672787
47.765662
59.638140
45.904958
49.950911
49.163387
59.572517
42.071896
48.949191
47.106226
43.955236
41.033323
50.603513
53.051998
44.592887
57.490972
47.206405
56.292367
44.328201
58.187847
54.353178
44.795398
41.939800
48.121725
51.258639
46.210692
42.537403
52.648219
45.916829
49.914155
52.551126
41.589616
57.679816
52.189266
47.494574
47.630727
41.352653
47.067091
49.702623
50.301844
54.173317
53.657859
51.335167
44.776830
46.709857
55.928054
42.267802
53.916263
52.220421
46.596003
52.104109
46.573600
51.391401
54.043909
54.695325
42.650040
40.254601
57.232728
55.298259
46.171430
47.146883
47.849385
47.761046
44.826699
40.038651
55.255620
52.457426
41.391304
42.322711
42.160049
51.693148
56.496028
55.817908
43.028314
41.272858
42.527765
58.956368
43.540660
56.444028
51.176789
50.136663
48.548137
57.750389
41.528064
42.592046
52.445714
44.178104
42.846647
49.678442
59.476363
49.018078
56.825324
47.325748
56.779124
41.652023
47.364399
52.034744
54.109449
48.755703
54.357455
56.269498
40.448850
50.853484
52.087406
43.477165
52.126342
54.615171
42.433533
55.667002
51.059199
53.610322
45.803665
59.607336
51.360711
47.331729
42.199382
43.806424
51.509834
45.046030
53.484866
50.986197
54.064107
50.310191
58.311945
50.843231
51.962214
45.676345
42.877975
46.071662
54.432047
57.235430
42.341160
54.880898
48.088914
54.428566
58.358063
40.215255
49.043737
40.791596
55.882257
40.102936
54.401918
41.685922
59.710272
45.762629
49.017651
41.909654
49.569053
40.527485
46.955684
43.053920
51.513682
41.019791
53.364110
49.825627
51.863022
45.326324
55.501971
54.740997
51.397986
49.934019
51.976427
53.739146
44.814917
40.065341
48.167712
43.172980
40.280596
57.211449
43.964575
56.162853
57.314385
58.366493
57.848774
57.024657
44.129122
46.866425
58.934311
53.698175
47.393910
45.889995
56.752095
58.907591
46.909786
50.116205
48.733218
58.772809
55.442529
44.235190
53.513806
46.840515
54.169209
45.490233
40.579661
58.984126
45.555574
48.747373
42.157105
45.836169
45.958822
46.121681
41.999022
43.273207
44.488174
59.847797
40.297863
48.617296
46.714222
59.232174
42.315472
54.108132
45.122169
59.067567
53.015723
52.031955
49.183772
41.748941
50.804764
44.626301
45.984131
44.318570
51.466816
40.153340
49.808803
52.046477
59.137465
55.364377
40.793851
41.294570
41.200546
46.752673
47.416251
43.199568
50.025879
51.904425
43.047365
50.323743
40.521722
49.761586
49.555917
42.837193
43.869718
54.678086
41.904760
56.885441
46.710042
51.088532
58.634382
57.514806
55.714833
44.618513
41.833376
47.181649
44.771853
51.642178
59.228126
43.909318
47.006555
40.021977
45.203888
48.207101
46.774649
52.620140
51.406669
56.800529
44.524565
54.454034
47.124272
45.046286
44.215620
56.680189
47.883480
48.085338
51.358275
49.788240
44.970779
58.068316
40.876772
43.605162
55.583122
56.591605
48.223675
57.416498
43.773254
52.995528
49.058676
43.001380
56.904846
56.065231
43.023356
42.108735
44.272332
49.798006
54.728874
55.679001
46.598534
59.253439
50.133035
53.722806
44.299725
54.348655
50.402994
52.183205
42.433994
41.761269
41.971445
47.404773
59.829586
42.848217
51.009935
55.412708
59.439822
59.233610
52.829205
43.213075
52.229138
41.887881
46.214455
49.133984
57.953113
49.237811
51.242719
42.225445
59.035817
45.971593
57.904446
45.634351
45.225032
48.037481
59.357157
49.524757
42.386136
49.760151
41.707962
44.820130
51.521420
43.679407
52.224903
51.351006
46.527624
43.234838
46.763714
45.967446
42.468448
59.592919
49.180521
54.697586
41.480800
55.394976
43.831571
59.433913
44.632787
55.074289
41.659357
43.668604
41.045882
59.563803
49.302956
46.270914
47.601284
48.660113
55.795671
49.987420
58.420264
57.503633
54.807550
49.941684
41.183040
47.032453
41.292690
47.710664
50.267291
48.056404
53.678110
52.735740
47.649323
42.858630
47.433326
49.130123
58.253607
51.264897
48.564036
42.886394
46.339186
50.223393
46.554998
47.385068
49.787196
55.857954
53.655982
57.388480
44.518066
49.451653
47.375900
42.938330
46.955286
42.183450
52.880015
48.138327
49.215903
54.172705
55.848991
59.483195
42.229109
49.527100
52.218935
49.878431
52.385731
59.652261
59.008554
50.639337
50.917157
47.572590
53.525731
57.256343
57.795983
40.080729
44.641412
47.583180
55.938683
58.297394
44.971660
40.456750
47.749047
52.347560
43.395080
54.704334
54.531010
56.275094
42.842660
43.746914
50.447799
58.691651
43.230109
52.676908
48.218751
55.449043
42.555339
40.604482
55.101304
41.563894
51.243819
46.018461
49.136484
44.769551
43.274805
46.932467
44.850280
47.916216
54.515647
40.788963
46.213610
59.487306
41.245713
53.962657
51.834867
44.640793
48.666991
46.365877
40.915888
51.509651
50.112791
51.363687
50.201302
53.342900
44.040595
58.420053
48.791943
46.595934
59.024535
43.893247
48.159827
50.268355
49.911708
57.296311
55.037905
53.186513
44.228778
59.888185
41.102729
58.744424
40.677149
47.316339
58.231731
41.922862
41.278997
50.066597
46.563655
49.945988
56.432474
47.479543
41.455639
46.545265
58.843229
51.656941
59.888165
42.883824
50.076994
48.680108
49.479758
49.101529
52.573354
57.639585
59.369884
42.485062
54.935896
54.407789
55.671575
59.164674
54.295975
56.774304
57.909098
54.973123
44.090644
56.140829
56.895985
45.369640
46.207426
43.459640
55.315628
42.639901
50.939183
56.771267
49.185166
49.782412
48.428207
49.073330
52.666236
58.505201
57.753438
42.145994
47.606730
50.326792
59.785579
46.976614
52.811855
54.721475
41.384403
48.483430
53.886149
55.680378
45.257734
51.795247
50.653501
49.348378
47.936076
47.549486
54.718019
54.143503
51.009127
50.033647
56.783404
41.948310
46.804913
45.968569
51.730722
55.233120
55.041900
44.396958
53.738321
52.795338
46.542952
41.345051
43.122130
46.328531
48.321665
55.933985
41.050005
49.706068
44.417415
54.936154
45.386446
49.675149
46.731402
56.039947
59.023527
54.667478
43.589433
53.741546
48.810981
54.598560
43.775193
45.594385
56.546870
50.580106
51.562954
48.277591
45.813226
46.604853
52.674549
59.551548
59.400191
59.217501
40.896599
42.522321
45.546031
49.218264
58.456306
46.596037
58.924333
42.873721
41.532191
44.310779
52.548870
48.263593
40.350726
51.572397
42.931071
43.940159
45.313943
51.742052
58.538719
49.089135
57.336437
55.085589
59.669241
48.899391
43.363181
45.482468
55.504244
56.037730
45.034015
54.904435
55.255231
45.930614
57.426756
40.801262
55.148878
55.883062
47.397299
54.073211
58.756783
48.929490
58.383990
51.305652
57.193083
58.734715
42.878049
40.124155
42.674875
48.191992
51.866207
41.213594
57.281127
49.202644
56.299183
56.950369
58.102034
59.662364
42.432836
53.606279
55.700093
47.466851
48.510714
50.955324
53.397465
45.937470
51.756586
48.546344
41.820532
59.153885
42.619555
40.577315
48.083376
41.003544
51.882967
45.276459
59.738260
54.761016
45.400614
42.413134
42.953008
57.266820
43.626728
40.234136
46.469464
59.925911
57.184504
44.571499
59.588275
59.617341
58.177777
55.288368
47.084192
46.688491
46.243692
40.481657
52.625961
58.000278
49.028001
54.446494
57.154163
51.647556
55.023809
45.237539
52.651100
46.906776
50.513998
52.389359
41.667792
55.914612
54.802493
44.620800
53.181432
58.429221
44.854936
59.650896
58.355133
42.039440
44.222395
57.943407
41.656781
42.400172
53.231775
48.740973
49.088663
59.475467
49.222631
41.714624
57.475745
58.250632
56.161118
54.629908
49.898187
51.184926
59.867448
42.549287
58.091702
50.381446
54.938646
59.759494
46.296057
49.741140
44.380294
59.477489
48.170361
49.235230
59.128386
46.525494
51.274671
43.350780
44.468901
52.931452
45.750952
57.700676
41.672425
54.839615
57.176142
50.895055
56.554239
54.651887
49.145687
52.715357
49.281796
59.043875
43.900283
49.149243
41.593162
41.991985
59.530689
56.531808
41.751479
45.826746
46.272948
46.131774
45.304236
54.443309
55.367004
44.432621
40.968803
46.641675
47.783401
45.437704
59.573126
53.534354
43.138380
41.245551
48.373969
40.314522
52.140607
44.928208
54.966410
41.286294
57.643565
44.248205
40.330169
41.543848
53.397449
41.923330
43.535833
52.928138
58.455139
45.287312
58.754884
44.728087
51.419086
44.059119
59.171396
46.786090
48.491741
40.140199
53.427765
56.275142
45.577903
53.000891
49.809496
48.716283
54.246443
58.183464
49.030805
46.387049
43.111672
43.997215
47.673343
40.755237
48.245420
48.003512
42.299085
41.642869
49.926842
45.834918
54.571006
48.381981
51.122231
53.325890
53.110068
42.541317
57.385010
52.281464
49.327407
45.876750
52.421663
42.755172
42.151892
57.999566
55.756063
51.961388
46.715849
50.002505
50.144853
55.746654
56.389555
53.256525
59.743869
44.062898
54.011762
47.989289
52.066410
56.310847
49.632157
41.993253
42.145766
44.203164
50.375234
53.267997
57.529054
43.485302
55.809313
54.914063
55.766766
45.136720
40.790813
48.188429
47.891892
42.942706
46.187995
43.647955
54.904094
52.903844
53.650460
45.048946
48.650498
50.040015
58.305471
48.394367
54.102913
52.317234
56.383656
46.169323
48.628081
46.015813
48.162576
50.773847
50.218977
58.537810
44.041843
47.748031
42.023112
59.851157
42.662094
57.789877
44.987877
43.452907
45.978306
52.879769
46.395613
52.166301
56.527724
41.299707
45.070145
50.178184
46.348653
53.720643
40.218199
44.654125
42.115010
54.321112
56.971358
58.498666
40.490436
45.599439
44.514479
48.653012
56.373286
54.733456
47.190822
40.415130
42.481487
49.213934
40.266286
45.143581
47.003811
45.254164
48.596488
52.982117
58.133933
54.992101
45.148418
54.661657
56.291808
50.218563
44.839841
42.640461
43.939206
45.058040
47.294586
46.054217
59.379152
44.265944
44.552883
59.869588
49.865384
49.067362
48.522600
46.238670
43.800819
55.713422
46.653799
46.282305
44.927356
46.920086
51.425886
51.931167
52.174249
40.022374
44.913284
50.308182
55.014475
50.061702
44.969839
51.306283
40.280265
49.809680
53.946744
44.219471
54.867720
41.241331
50.273688
54.246873
45.507275
54.826571
54.116461
55.372659
43.893933
42.639061
41.611328
47.694752
58.352483
48.265127
53.977057
43.279838
55.185213
45.402943
55.211005
47.359462
45.425317
40.124289
57.667645
40.439792
50.185990
42.637484
51.746075
50.466255
52.447164
45.692820
54.685726
47.314884
46.934150
44.959413
41.561757
52.441425
59.785984
55.678217
47.814084
43.679917
58.317278
49.425412
51.374668
56.669761
57.690539
45.351725
59.949599
52.875752
50.754668
55.160604
40.235215
56.179985
55.284892
57.902859
56.619777
45.470882
40.540343
48.365852
55.937137
52.987507
54.058672
50.622863
40.302391
40.992822
55.582276
41.864148
53.434247
55.368259
57.542366
41.248331
59.048176
55.859644
50.673743
50.422844
52.529404
48.364282
55.774569
52.479003
41.240034
46.529237
47.639607
41.475248
42.709222
42.924499
59.378108
59.329000
48.395382
59.918451
47.694852
44.332519
52.905958
41.753524
54.955382
53.208350
42.746346
50.537657
55.072498
56.180594
45.905917
52.614863
57.428924
44.954093
48.474507
48.102667
55.376937
41.003911
56.466949
51.151506
53.482915
57.706982
57.680743
41.122522
59.182231
40.389966
44.047021
58.560338
59.718965
52.442403
58.478789
47.413818
56.774922
51.384747
49.167342
51.730303
44.593097
51.913688
42.267960
59.665595
48.094282
48.173877
52.280458
45.523207
53.127970
40.754965
53.625874
48.504906
41.758877
50.092822
59.656412
55.241791
47.799805
57.337155
56.364313
46.982035
57.727121
40.411333
45.542374
57.446086
52.853736
44.021163
44.859904
49.628658
55.405910
54.027245
41.358961
59.999007
45.940934
43.626921
59.664602
54.035216
51.800799
51.945060
59.558422
44.928768
52.700025
53.184296
53.433674
54.458902
43.277118
53.090086
49.700693
51.076923
50.427241
46.065005
58.058958
48.154362
46.476339
43.601332
45.600448
59.330075
47.622495
50.460351
48.958733
43.028405
44.487597
50.317694
43.027412
50.428530
53.944615
42.692014
44.463746
45.745414
54.637074
44.022169
50.674182
47.337099
57.206465
44.107856
41.796001
40.483583
57.197942
51.496694
51.560506
47.625184
57.561699
49.619464
55.779545
44.038038
53.220796
41.379993
43.368113
40.843291
51.840345
52.326845
43.871696
56.327941
42.644539
46.899109
46.756472
56.589154
49.591123
51.220218
42.334568
44.228197
55.242387
53.008749
51.565297
52.448851
57.116605
53.361298
52.932434
54.314548
44.857992
44.492940
41.939731
42.419691
54.112404
57.719277
46.457728
47.333200
59.099270
49.825841
48.176491
50.939615
42.152686
52.048187
47.267556
44.797225
58.947295
54.024028
41.386379
48.538418
45.244246
43.720947
52.766615
40.486632
56.729696
44.331912
52.935484
53.846301
57.693210
45.867918
48.160849
42.551201
50.360858
50.100580
44.970892
44.473262
47.819857
51.428620
51.806462
46.919127
41.254461
59.982953
57.858742
43.407147
52.031140
45.126297
48.204372
50.978435
59.150325
49.590751
59.516854
44.394571
53.311698
52.283469
44.881203
50.041394
56.615381
57.816687
43.887695
54.308591
43.684605
52.048544
56.859792
54.045463
42.149124
41.830684
58.518725
49.968981
53.259304
50.325187
56.888108
54.513765
50.308140
54.746850
57.920912
42.339280
59.873147
46.125284
53.317715
59.023472
55.716035
52.834569
43.418043
49.027733
45.118038
48.299246
59.069127
41.733419
46.115932
42.956822
56.042010
49.800537
55.005366
52.901801
43.846000
57.154490
54.732485
42.364725
47.123471
47.991789
52.689912
44.011579
42.505553
42.998052
58.758429
40.426465
45.337332
58.631576
46.551749
58.655047
57.655048
42.267784
51.489616
41.073091
51.295517
56.607654
49.372337
50.364644
58.341073
55.488269
53.321466
54.383083
45.288806
48.326831
47.284885
49.134806
45.481321
42.017369
51.499531
52.604792
50.009158
44.189443
56.616371
52.514711
47.187495
55.374800
52.941176
52.524827
54.006376
59.492925
51.179874
51.661424
41.760710
42.669491
52.734515
53.056227
59.277145
42.106852
43.420871
57.618219
57.595121
56.742337
52.001302
42.883927
45.069169
59.286186
52.018733
50.550490
41.303556
43.518264
43.155282
51.312714
47.707707
59.771653
43.827425
54.895202
55.146453
56.768601
47.420029
49.152828
56.261527
58.599903
40.814252
58.022237
41.269394
53.548768
51.078464
40.546540
55.655619
54.499335
58.164758
53.250740
51.241673
50.166060
56.134667
56.310841
49.452247
48.153400
46.861331
50.755803
51.671664
50.016613
42.068516
59.379371
49.788265
45.895941
54.274573
44.934718
42.664543
41.694602
54.087546
58.926069
40.294505
54.901799
56.948306
41.563900
48.450566
48.026770
42.110439
44.106185
42.526105
40.275198
57.356926
53.767778
50.441258
53.491593
50.078619
59.893505
41.644993
56.939950
50.649307
53.316658
46.956563
52.717824
52.696029
56.744828
58.613765
46.970602
41.679545
41.278307
48.665204
55.767092
40.204377
48.959709
50.668890
57.152683
50.523609
59.119456
45.179453
52.634048
43.225642
47.705558
52.909246
40.582567
41.473336
43.350504
54.074160
51.551955
43.244008
55.719154
48.491905
53.893315
49.035811
55.448468
46.611139
41.731840
52.193295
45.224904
48.702442
53.872841
46.503211
57.367646
49.639932
46.707588
46.327356
40.308823
43.860271
56.850965
59.428279
49.039724
49.485013
42.653920
56.745282
42.394258
43.236488
58.218618
45.744762
57.310648
49.770573
48.988770
53.029801
58.262478
42.882086
42.065613
53.710946
49.493225
43.797453
45.904241
54.718129
52.499896
59.777082
41.221340
49.867542
49.417014
47.928928
56.194898
49.725837
51.789199
53.045862
49.154115
40.828922
42.530875
51.808036
57.574204
44.925133
55.044523
55.792821
50.669895
52.355171
45.563394
59.658665
45.384973
43.825872
42.540751
47.450585
57.536817
52.033976
51.248038
43.441058
46.752104
43.747934
43.218140
47.973444
53.615476
52.635154
55.902372
49.810373
42.360991
47.691571
42.856235
51.515107
48.520493
45.387110
43.323142
46.094697
50.312243
58.367666
41.887519
40.982138
50.722837
47.450913
40.640803
56.107809
51.276785
43.181554
43.558395
48.813602
55.215530
54.806433
52.254661
41.967635
58.554367
55.472801
49.941079
52.169843
48.107955
45.843451
41.980217
50.468946
53.535021
44.836452
41.984053
42.055515
50.223562
45.307195
48.150212
40.535805
43.674861
50.037730
41.517943
54.397698
57.488643
42.158747
50.505507
48.765427
45.340301
54.063902
57.579030
40.555831
48.870335
49.833690
42.523466
47.424702
45.306491
52.464545
59.594545
53.414446
58.307995
41.574762
43.883392
51.843017
46.411214
45.867445
53.898531
56.634776
51.174640
42.048743
57.170581
54.849501
52.086473
58.688525
49.247199
49.575116
40.847271
59.752706
58.340543
46.187573
53.816608
55.919573
46.743404
42.686943
45.753263
49.266870
50.111645
51.059754
41.731415
49.706190
44.474200
40.039410
51.280952
48.357592
51.882427
57.692166
54.225037
45.780958
54.326942
45.399678
47.829701
51.497523
40.249179
59.916174
50.186047
49.496378
49.491290
51.033319
49.249084
47.831833
57.220891
43.065692
43.751406
43.964295
45.752635
49.504669
53.231166
55.864280
40.564422
54.962580
45.570470
45.038622
55.001991
56.851422
53.396214
46.884418
54.543587
47.621251
52.665376
48.870529
53.020929
40.495077
40.368052
53.270108
40.411251
50.554099
42.766486
49.902541
41.587418
52.015570
57.734374
58.808309
55.081262
41.485780
42.772604
40.833897
50.990448
56.003770
56.698176
51.554871
50.966351
42.268646
56.593493
45.968341
59.120068
49.989707
52.852759
53.663655
57.610958
45.518135
42.534184
50.631887
46.013212
42.902235
43.901995
46.424463
53.456334
46.668482
56.327004
55.043752
58.684052
54.061378
53.852061
53.765314
55.547158
56.624666
54.599210
46.537606
52.628436
51.297387
58.092477
43.594786
53.566033
54.685969
49.563127
52.686101
44.675676
42.415886
46.349756
42.286634
47.934021
48.883940
52.918522
53.947233
51.786175
56.820517
40.371696
45.242509
43.488999
56.698700
40.286261
42.173050
50.760078
54.138322
55.938364
46.307235
50.762988
50.537574
52.844842
43.391424
41.834961
50.937318
46.986210
55.400994
45.623287
56.549337
48.087095
50.298963
58.965223
54.436851
52.585598
46.899244
43.320791
45.504119
40.846476
55.106966
42.324637
41.218172
40.349475
45.813635
57.916871
40.635737
47.986686
48.676949
54.774059
43.925049
54.984184
45.537047
54.462624
47.829026
48.928471
56.297585
58.766344
55.914680
51.698579
44.389631
52.464017
59.785674
54.688595
51.429240
54.222525
47.274192
58.328484
57.543316
52.778312
59.174960
52.650282
55.102948
40.393132
52.999757
40.916584
58.310003
53.635494
48.903269
46.986952
48.409553
52.828318
41.971136
53.946601
47.290942
49.800162
42.875071
43.588527
48.566506
58.789752
55.287106
52.956137
51.253769
55.072780
47.644732
42.683009
49.295305
54.918924
41.011493
46.838621
47.697236
40.186453
59.488903
42.800184
40.579584
52.488661
43.716768
58.889587
46.124155
52.620037
45.876539
54.533708
45.448356
47.847675
48.480309
52.739298
57.647837
51.355381
56.327825
46.214343
50.145132
51.614931
59.170480
41.398902
46.687711
46.815212
44.081911
55.983016
41.734137
45.093404
42.821637
49.431373
45.279856
42.310541
52.231557
45.859441
54.799201
55.948326
44.749028
40.923356
48.568363
50.625567
55.457065
54.016718
58.473242
43.937374
46.756016
56.121079
55.292755
43.083840
42.335422
45.437887
54.698771
41.505902
46.836789
41.386482
48.321115
50.918699
57.369498
50.055251
56.012103
40.191135
59.486624
41.291959
42.501675
51.718182
47.151400
57.300877
47.666507
51.900428
58.224233
56.234870
42.525995
53.681298
50.251588
40.999237
57.618672
57.007604
57.120316
52.911427
40.091444
59.455738
58.349314
54.790215
40.961640
45.186103
56.176697
49.282755
56.104802
53.546194
59.338006
52.116905
53.737329
58.824631
53.408865
56.239004
50.542813
40.560265
53.539881
58.209320
52.460694
51.764115
54.444190
54.986689
45.445413
44.695778
55.985926
43.064085
41.703382
53.106242
55.975513
41.794826
52.561979
54.324827
56.585041
53.523620
59.510930
52.761738
42.806374
55.615733
46.307932
42.144381
47.732638
40.045261
40.969011
41.141503
56.284265
51.511824
41.701768
49.824146
49.721144
54.162462
41.588261
44.165334
49.149150
47.033674
48.861113
45.135076
50.097760
50.564495
58.241318
46.073272
52.359321
50.803297
40.398099
48.944362
44.326917
59.909030
41.706100
47.133291
55.524762
48.014032
49.277672
43.257400
48.059293
50.246683
44.398903
44.343558
41.758507
46.100671
54.167704
51.479651
40.263133
55.755966
55.644986
49.412284
42.789640
44.506098
54.547360
52.887400
55.070593
52.788677
58.960672
47.429914
43.591975
59.358772
56.374276
47.918891
59.267801
58.080377
55.052183
54.792563
46.094408
44.329855
58.049963
54.153701
54.576538
42.448867
58.497259
56.335045
48.549538
52.664963
47.814696
48.812671
48.420929
43.459682
58.224955
51.210569
47.965781
52.772315
44.097968
43.036374
45.560992
43.058640
50.466288
49.152967
42.417412
46.840565
57.071858
41.685213
44.920941
52.124041
56.477776
51.015350
56.453895
54.527740
45.169051
51.030433
56.976606
43.666310
47.365478
45.526145
56.331273
55.180175
54.338816
44.752202
58.639857
52.563771
55.962771
46.605638
45.336086
40.060739
49.642012
50.897078
43.119380
40.108300
40.050044
45.536791
46.948865
57.121903
47.222004
51.869806
49.245943
43.699781
42.885156
45.699839
58.227520
48.054206
56.730272
55.204127
51.720516
44.095750
40.730271
48.051790
59.275925
55.069087
52.803992
57.915782
47.632858
48.766763
44.521419
52.968944
48.827502
54.163431
43.866021
51.946881
54.271731
43.916066
57.483673
41.220596
41.037968
44.705677
53.090402
50.283911
48.405458
55.975558
55.983750
46.632978
44.029764
52.714022
41.837105
55.750280
56.809772
42.567376
43.802070
56.085697
57.636463
56.606062
54.001478
45.269321
45.372824
58.522898
58.238265
54.200326
52.686329
42.104286
46.147208
46.958060
46.020352
43.630881
48.178656
47.058320
48.336558
41.269058
57.342231
56.742015
57.244616
53.325981
43.374993
41.274380
46.040003
45.212098
57.024660
42.849776
47.779474
40.826730
58.935472
45.415938
57.432792
52.936951
50.685259
42.805617
51.459849
48.923524
57.005943
44.146178
51.027810
43.153151
51.104238
57.048162
46.784032
59.282894
44.106482
55.120589
40.551953
41.448713
51.862605
57.796569
54.774694
55.237598
59.070948
40.814698
40.449696
56.095609
43.664473
48.229171
56.922339
42.599946
53.645109
54.355132
55.536896
44.330368
57.160748
46.996745
53.253892
54.166691
51.142923
44.281702
57.319842
42.247161
41.329864
44.103874
41.530055
45.436346
59.224463
42.082008
46.885058
51.087068
59.878577
41.659752
46.324666
58.949525
42.474450
46.774362
55.045134
46.138923
55.003533
51.967473
48.738869
48.648642
46.322605
44.275765
52.979010
43.483353
51.272510
46.232902
57.650044
42.415433
50.514604
54.969887
44.662594
51.844468
59.073761
46.192649
57.280814
58.298224
48.274658
44.165872
49.385291
48.153234
45.825625
55.709957
47.102759
48.300075
42.484320
42.147893
54.438998
57.487853
54.115366
43.177866
46.136495
40.437971
47.453632
59.115505
43.921324
58.726142
45.348406
41.571368
41.141575
55.863010
56.541255
45.804169
47.707478
55.615015
51.996818
44.988292
53.913239
40.271476
49.154164
43.298530
48.424710
54.979789
59.008488
55.527469
43.279864
41.492808
57.675362
57.718862
58.980661
51.790728
40.896728
45.117155
52.228699
48.350360
44.232660
56.150023
47.076501
49.581067
57.721391
48.218076
45.444077
54.262645
54.022245
53.151555
49.877661
46.019063
58.139847
43.790899
46.290539
47.294012
47.089430
54.715249
42.273801
46.097918
50.242719
45.553665
47.590725
47.918081
43.272526
46.571386
59.708809
44.169255
51.688541
51.937508
52.519614
55.921201
48.087531
59.596116
45.502268
45.808922
47.814192
50.946345
40.071567
41.836437
44.097900
49.949228
47.855500
42.237747
53.740127
54.146040
49.531759
40.829557
48.861289
51.805560
46.927475
59.104008
57.359225
54.518200
47.022089
40.631751
41.089586
46.730898
44.801006
52.778127
58.668407
57.320620
48.699328
46.755938
56.916736
54.201596
52.564859
44.730928
45.147941
52.636426
46.567365
49.245841
42.585654
54.422865
51.483588
56.325781
48.568905
41.015347
57.155338
57.430194
52.820908
44.082812
56.534202
50.180132
58.601012
43.556290
50.811884
59.690598
50.287189
55.612890
52.468725
48.955595
52.933510
41.168053
55.711533
49.850246
55.369649
48.276392
54.581174
40.517590
40.912818
41.148539
49.763431
43.498472
55.571404
41.247019
59.824253
44.140309
42.262366
56.979591
41.570503
55.083274
41.062403
58.104705
45.263406
59.663416
41.660995
56.075290
59.354013
51.948184
51.688180
51.822738
40.903779
44.621690
52.990791
56.615311
54.471936
48.360440
44.891703
49.053110
48.878030
45.804522
50.201649
58.641461
49.302994
45.773053
59.888479
49.127247
49.913362
42.150846
46.106838
51.483866
57.234120
47.169242
49.588570
42.497526
46.832657
51.249565
58.572816
46.186671
43.197749
50.260996
58.009409
44.101528
54.882687
51.000200
40.716839
49.354623
59.360640
45.608543
58.407733
48.238670
51.413064
48.609382
46.880130
40.716058
54.382436
46.768610
49.843306
44.295798
48.919455
55.950144
55.779664
46.153575
43.119385
45.368234
48.651101
49.952042
56.617799
47.223917
56.138713
59.815548
57.484914
54.148122
43.917076
52.367600
45.148321
44.633915
41.722223
44.508961
50.242458
40.129956
52.747631
41.655522
48.739338
59.627761
42.371580
43.121774
46.396370
52.214886
47.417572
55.315826
48.165030
43.197236
41.469401
51.284415
48.565469
50.120502
41.236457
45.183269
57.344419
57.375170
44.998817
54.829333
51.523292
48.915893
47.196933
56.671613
53.549808
48.919156
41.180574
43.792266
49.049112
53.928205
45.447788
57.788451
53.555965
47.819368
40.910225
59.952336
40.034254
48.327797
55.268162
48.199283
51.525032
56.737562
59.483698
40.090502
46.858064
40.720155
45.273770
44.202484
58.095325
50.272587
59.031817
49.618617
59.188480
46.228750
46.290230
52.738288
55.147906
47.470804
56.530554
44.197019
41.399008
41.978342
41.985469
54.954974
49.797710
42.895694
54.907309
49.831964
51.223490
50.175471
58.031247
42.748523
46.913033
57.514945
42.839024
53.771098
58.235101
48.112795
57.973581
56.330426
58.385382
57.005398
45.949043
57.573862
43.234148
52.239273
50.312150
58.382054
59.710077
46.842704
42.579073
41.109085
48.821046
44.564542
56.064059
58.618756
47.460236
50.971368
48.450720
58.683726
41.146839
46.481967
41.432249
48.059872
43.996912
44.271273
41.830970
42.232013
52.384068
59.804551
58.562439
50.769450
56.809949
44.511482
48.343312
40.044097
56.750755
58.655462
58.426151
56.460832
45.498167
41.005224
57.569917
54.319213
45.569766
53.633975
52.937968
53.030002
44.605344
41.388688
51.713728
45.752183
47.870655
53.145977
53.812055
51.867567
57.417251
55.643025
54.099580
49.801319
55.447577
52.662019
40.570769
52.257526
57.173502
48.914081
52.301622
53.924257
47.569543
50.727773
50.385089
53.067709
51.732997
47.955005
47.386922
57.302763
41.588981
40.324890
50.332765
46.194325
41.713578
42.046493
51.946507
49.584233
55.192470
45.758562
41.451800
52.609721
41.401588
55.551380
42.411040
56.849164
48.213399
42.981809
49.106690
45.386901
51.895889
41.408312
59.311157
59.465432
52.136086
49.696246
52.533141
43.869083
57.651251
59.920063
41.171846
59.240232
40.244953
51.504610
45.434557
41.958531
53.551103
57.381064
51.542764
48.743573
43.139627
52.994564
41.353294
44.541214
48.545944
43.764334
41.390379
56.759343
46.746143
50.497069
42.146243
58.642032
51.905381
41.457401
58.107464
44.041467
51.153647
50.640605
47.910549
48.804898
50.560667
49.082395
48.045130
50.805621
40.587005
53.479687
52.764152
54.138108
50.860751
44.306916
42.881681
54.000378
57.301480
44.234975
58.541592
45.847424
47.999310
59.931971
42.606767
54.745452
50.429039
44.753010
53.387484
42.334420
46.210411
51.494947
46.375887
57.364058
42.135552
54.286437
46.168956
52.696219
43.368832
54.214086
43.501840
43.955837
47.693773
56.265992
58.093945
58.554524
40.572908
40.975626
52.554901
57.874388
45.210601
51.096493
43.721812
53.209911
51.028464
46.328579
47.955363
41.457503
51.081589
41.342847
43.791924
57.292001
52.837794
50.167811
54.656058
54.973346
44.454247
40.825014
47.669566
47.823079
55.039100
51.171405
51.778915
42.732873
47.437397
49.872860
41.287397
48.010305
50.848486
53.842298
45.884693
56.059088
44.938792
49.606504
49.268998
55.967256
55.935083
57.224362
57.424759
47.016673
58.567209
41.216683
44.308673
51.405003
51.384494
58.964731
46.378349
55.838741
59.789745
54.047915
43.661820
54.828845
45.219320
55.440735
57.561718
52.656717
45.313595
58.849115
40.667022
56.162082
52.691413
46.551715
52.221169
57.630204
56.158219
41.490168
53.597460
52.093302
58.714529
51.022219
59.109975
57.281738
52.238902
43.418648
48.686740
43.623396
42.383379
55.065090
59.462137
42.173125
49.113004
43.123957
57.001970
54.332324
58.564692
54.563688
46.989042
43.878288
53.412803
47.656064
40.040369
46.104216
54.207779
52.261538
43.734420
50.365998
53.751706
57.331881
42.459300
52.466235
48.354100
41.569275
49.747972
40.593002
44.987923
58.434713
44.216398
47.371302
53.499802
43.678535
49.544427
42.612807
46.802492
46.546397
56.945131
45.367184
41.110086
43.934173
49.245472
54.522889
51.590237
49.285841
40.627105
45.798016
41.547379
44.361525
56.164013
55.299085
41.693406
58.623314
47.765320
50.047505
40.192589
57.513292
50.640507
45.180512
55.948005
54.856905
52.551814
49.447808
58.535441
42.096241
52.060614
45.337932
48.642638
49.005746
50.705117
49.752724
52.939918
59.950588
44.275612
44.530155
49.236429
44.902717
50.328171
50.783809
49.264242
46.492184
46.082894
50.957648
45.115498
53.848214
41.005153
45.308087
51.361506
51.645660
50.488598
47.309512
46.502566
43.040412
56.757320
45.038006
45.136653
48.817934
50.375939
53.779291
57.823680
41.081056
43.532015
50.763598
41.031644
47.807627
55.293753
50.268073
52.710344
45.621924
41.051882
41.974586
52.114109
47.134776
52.932234
57.229607
40.982990
53.937387
42.537693
52.344496
45.583047
53.026291
59.654008
52.085613
56.066703
56.411327
57.123620
41.203356
45.229261
47.499559
54.982647
43.052941
48.580614
58.514662
53.816538
49.612258
46.322288
49.110292
59.880332
59.032632
54.732216
40.932214
41.007219
46.846324
48.066989
53.939453
44.075931
49.049979
47.876840
46.613624
41.394475
53.459887
59.639916
41.048483
45.545500
55.706619
57.459810
42.669120
56.909975
42.689071
50.168679
51.892622
45.742011
58.749293
50.407284
59.558550
48.361551
56.729572
48.668842
48.241883
55.762205
43.401058
49.174097
56.769423
50.247382
57.241086
50.708876
54.323313
46.291065
58.585715
40.936937
47.685540
52.045602
40.576853
48.734023
57.591103
56.283472
46.193833
40.260223
53.193447
48.882904
50.428902
45.086069
54.624915
49.178195
55.493352
54.183465
57.539746
52.222924
42.852307
45.781629
47.985129
46.253364
54.955726
44.754552
56.500746
52.196812
55.463428
50.824059
58.487877
54.049143
51.760997
46.173418
46.094745
52.337849
54.907440
43.685848
48.621321
41.101273
43.946071
41.814768
49.984177
54.374973
46.900836
44.609092
43.553168
42.394188
58.792557
41.092914
54.617113
41.644864
46.874544
42.602242
47.898228
41.830270
47.356794
44.398975
54.027082
42.820222
55.223034
52.514959
56.869365
46.984031
58.688377
42.964110
59.321880
53.595817
46.649958
47.943201
54.697090
50.596029
49.757968
44.681267
44.971002
56.658805
49.290359
48.524170
59.052993
48.082917
49.617084
53.670106
49.727781
56.491628
56.272348
57.626009
58.321897
43.629141
42.024984
52.348979
46.449363
57.248018
44.863938
43.318728
44.232049
43.552315
46.282838
43.553929
57.148132
52.932796
51.497130
51.845222
43.528825
41.255098
56.526490
48.499826
57.913903
45.816849
57.023996
56.966896
53.899766
46.641080
50.637002
43.627546
43.132707
46.909350
41.253555
41.454605
50.538491
43.278539
53.803584
56.987854
40.526557
58.667522
40.306582
44.758606
42.219837
46.589419
48.312535
59.367969
59.522215
59.809665
51.213191
43.051039
41.064763
47.739681
51.550865
58.978666
53.556530
48.574861
55.945562
47.456296
55.215941
46.582564
51.083842
58.348648
53.491914
52.337398
59.803253
44.030405
55.615937
53.606836
41.018259
56.142494
52.274358
41.324841
40.901100
54.494195
47.914260
49.213635
53.862164
47.436475
49.023300
45.075355
50.487514
50.088063
52.815036
42.038379
49.066729
46.371566
50.613240
45.012291
53.827862
45.829181
51.594855
44.911704
44.177829
45.086769
57.249101
43.981082
49.117174
52.865038
57.587918
50.135433
49.007533
49.862277
51.460274
49.908633
44.356472
59.374534
59.122268
58.218636
46.811008
48.145568
43.293991
57.298522
58.233631
56.109027
59.336901
47.300360
42.480592
49.950141
52.312651
56.308454
55.779323
43.907506
41.220158
59.957152
48.994275
58.469259
43.938234
58.111449
51.334298
41.526152
48.246882
40.341830
51.388429
59.707156
50.250463
55.744900
59.081689
49.372731
53.963536
45.892697
57.518299
57.257527
43.191219
55.751929
53.366553
42.528120
43.052289
55.847146
52.478262
55.364940
52.155600
48.257585
59.272445
53.375758
48.214737
48.266720
51.845017
52.152970
46.378168
43.179314
53.679123
54.625050
43.521145
45.067551
54.332206
53.771607
40.812451
53.413895
43.144338
54.775987
59.306593
40.662637
52.033514
42.497812
56.414566
45.400067
45.025932
59.466855
41.247213
57.504194
54.831795
53.402813
45.761779
54.104240
46.778571
53.976515
42.370960
58.623587
46.129486
48.749128
41.802902
59.808608
43.374179
45.324046
44.876159
57.706384
59.095654
45.688611
51.120279
42.239992
40.464598
50.426872
42.902629
52.498112
52.924684
59.317196
57.898179
57.950616
58.784051
59.145392
55.454810
53.615846
52.548205
41.216589
47.720086
59.326776
55.193105
50.091046
57.950363
41.322590
58.840174
59.753265
41.131199
42.214353
45.077311
46.007358
59.920737
44.172965
51.695969
51.041017
46.412957
52.160567
41.467889
49.315587
44.658679
54.392573
48.632782
42.556858
52.343189
47.416833
41.702251
47.797999
41.032679
54.250456
49.014588
48.752765
53.577231
44.207693
58.843812
51.527594
45.530283
57.683986
51.280859
46.661482
59.898339
56.358171
52.668840
59.819076
40.531136
44.364809
50.860093
46.944093
56.525376
52.327982
56.259680
41.184055
46.720554
44.892462
43.740913
59.063743
52.309295
45.443164
46.861742
53.341974
59.693620
55.876330
42.094740
53.270851
40.084022
40.938551
44.798445
45.614305
58.622537
56.079305
52.275787
58.520876
52.437475
44.944627
58.339952
52.968611
49.309436
49.200045
59.912705
45.834812
41.528027
56.172384
47.018867
48.248581
41.064846
50.759780
47.312324
53.374141
56.202944
54.174066
46.716115
55.896563
50.050396
48.810855
49.167414
50.134419
49.749406
53.965859
55.748724
48.371943
50.045164
48.024511
46.892819
42.482639
52.969138
45.232772
55.451251
42.278574
54.432817
55.363955
48.113386
55.960844
51.536339
55.132252
44.209426
52.601186
45.892032
51.521750
45.975327
42.094976
45.695816
52.691442
57.991539
55.746212
41.502297
47.158953
45.880631
51.251703
41.124812
41.629355
59.623646
51.169976
49.653866
46.516465
53.652615
42.623004
51.749237
49.103866
44.901578
46.182054
44.467821
53.014964
42.142898
56.004160
48.147216
46.352324
48.605346
54.039248
57.874074
54.580673
56.134224
43.569891
47.272115
54.125763
59.316103
48.774412
41.284716
45.196734
40.026115
42.409528
46.826089
59.649761
53.579504
56.479956
46.166226
47.232119
59.102960
57.915463
56.335985
44.004539
44.097517
40.803806
57.019503
46.240415
56.807966
45.166719
52.592739
45.413312
59.205967
50.466814
59.993985
55.340191
54.036704
47.266100
49.465954
53.352807
56.040512
50.750670
58.549542
56.066627
53.160198
45.375631
55.716388
46.739701
41.855587
41.882615
53.971821
40.958547
59.798078
50.307806
44.963086
43.895595
51.111611
41.982588
50.136010
47.919578
47.149307
42.728750
53.332890
46.355275
53.195563
53.326875
41.695466
47.232267
40.592974
51.161420
40.585075
56.633486
41.912090
59.134616
52.700113
55.072287
44.510247
48.416502
41.811989
46.365834
50.299116
55.783809
47.324381
50.097194
46.091615
52.287467
53.992789
57.203226
54.270055
44.128799
45.122804
41.419362
46.857549
58.455693
47.774637
40.053112
51.782568
49.470102
47.285379
52.375542
40.631522
47.870454
49.009029
42.543612
47.005071
41.709142
57.615899
51.515318
50.125644
59.427888
57.881152
40.424760
55.211697
45.205533
50.521954
41.303311
57.493000
44.514743
58.506537
51.763055
48.643542
43.629341
53.182417
55.501091
42.085034
40.957053
55.554203
53.867602
50.427155
42.839582
46.243144
51.058678
50.710036
55.252173
53.602289
57.715107
56.961315
51.218188
49.230425
47.086959
50.646076
47.111577
47.511719
45.857773
52.317110
58.033673
47.161084
49.810110
42.548416
45.667621
41.573165
51.191958
49.296962
54.755581
46.693049
51.381996
55.712634
42.247251
45.249598
46.139790
45.086833
51.492743
57.198467
55.796869
46.744916
50.800757
53.511976
43.706230
42.018945
42.742401
50.793189
52.665021
49.853977
58.304908
58.522794
42.171088
56.338581
45.683877
51.981198
58.886997
51.351499
53.554362
50.078956
40.648461
48.309943
56.772005
52.030457
44.022578
59.019256
57.280056
50.162367
44.106089
48.772798
47.360835
59.902959
55.517714
58.161592
53.414934
59.223945
40.180537
56.157335
50.017134
52.845558
46.011312
48.322042
51.368351
48.182400
44.660623
57.052229
40.163598
43.547621
48.403728
53.717960
53.626576
49.052188
42.027903
50.398581
41.082646
46.050481
49.417837
58.362702
56.212848
53.523926
47.135500
43.573683
53.426885
42.653214
41.735275
46.841819
41.877159
41.915812
42.999154
51.894292
54.761369
49.010467
40.216334
46.129721
57.192867
44.876958
43.181950
57.356464
48.424578
51.585677
51.074424
42.051155
40.637865
53.102327
52.449736
41.720511
59.152808
41.867573
40.083213
55.365657
55.391499
47.218713
58.939340
48.818384
49.871927
40.674615
55.660203
51.749086
42.590426
58.659358
43.643378
57.351796
47.669824
43.859712
43.481517
44.862691
48.736670
46.663466
42.219155
57.161248
58.249143
53.293579
59.212403
58.887009
46.395906
51.662138
40.607520
45.548714
53.529711
40.690733
40.914371
48.921210
47.909446
59.853711
57.739594
57.781373
40.528326
53.399798
49.530458
43.118752
52.059155
53.173836
40.470548
59.728980
57.033549
43.952064
44.591671
45.770218
50.615530
46.810826
42.931466
48.864674
40.104405
42.143869
47.751682
46.500312
53.806007
48.359202
52.049026
47.335718
49.049935
52.963397
56.256928
56.959381
52.817108
53.996522
54.740753
53.345434
47.396320
44.271212
56.464186
59.455475
57.445048
56.934733
59.184455
54.478596
40.886798
43.776126
40.248815
51.502328
50.586952
43.180281
40.367002
50.691357
45.324150
48.118684
57.191669
59.130158
56.477887
49.240695
46.465876
45.527822
42.204092
42.722804
42.487202
55.021200
56.719327
57.227956
48.366633
44.115646
41.499167
44.830819
43.571122
58.944215
41.765552
42.755577
53.422812
42.652350
46.531702
53.671627
54.154678
57.118654
56.851908
54.521680
47.810011
42.176058
42.640365
45.001680
41.306216
59.118251
54.242375
47.772092
44.646073
56.446466
50.494896
47.133275
51.467666
47.214223
44.361231
59.834299
51.329869
45.860398
44.665118
54.900991
44.804614
46.430670
57.656568
58.227426
49.083020
44.188270
51.899052
43.237699
41.306924
48.750960
57.759379
49.116936
50.927018
40.399743
54.118616
52.233234
59.517994
48.360991
40.005326
44.164067
44.807457
50.500223
51.297342
56.275123
57.714446
55.658573
56.109422
49.044315
41.518971
40.774540
43.945306
46.323585
47.205211
41.601873
44.551010
56.288231
45.790143
56.450063
59.525930
47.097067
45.201023
57.285309
56.214003
56.128041
57.685052
50.332619
48.361275
57.203046
58.693610
48.366602
41.367114
43.501067
58.866824
52.664456
59.776190
56.581270
48.323029
55.885612
45.625585
49.842000
56.660153
49.570890
56.165585
43.865363
51.172763
40.716595
40.153594
56.962907
57.166658
59.679524
44.059974
42.367680
56.964832
40.273977
58.495721
54.649884
50.606596
46.856997
51.852931
49.300206
55.223599
53.220044
52.801272
